euclidean
100
76.693080875 79.4034054904
-13.4209201563 76.3166604459
-61.041881493 -96.7038974015
-59.958431315 -35.9601627739
64.6828938782 -7.44411007543
59.9190994277 -86.1774128481
35.5659959142 87.4112132501
-2.23810509174 -59.3134325449
37.2597337957 67.6238803705
-56.1165679964 -61.1915413092
5.83596246349 33.6887723264
-77.4838508808 79.1317919863
-37.2690670658 32.927036531
91.2335696246 15.2810345525
-9.64555218536 -13.7115161463
-2.47679200468 -82.3683081793
72.8108681926 59.9717060051
86.0977469324 -4.82031622565
19.4577571542 43.1795136868
86.0854322868 4.29477845528
44.160274122 -48.815424055
25.8949980191 71.3249672824
14.8786840694 67.0522261664
-77.1842372779 -86.5815648507
-4.21082049957 -82.4183654031
24.286916664 90.3102265355
-63.6021918089 70.7179801807
2.88543449263 -68.5200661966
-75.2594631888 92.4656106301
29.1163731896 -45.7288173419
79.5307591416 -48.6381132997
74.2992899156 80.5171699938
-87.2907971718 -32.763641626
-52.6883229144 5.19767192675
50.301449405 -75.404008234
4.34062034076 -78.6293628118
88.3311025754 76.2301010734
4.23930717724 -35.3797054167
-12.4207701944 21.9315410551
-87.6792761513 -10.1556615348
-76.9819520989 33.3041912666
-94.0963719039 92.960644853
-26.4553262163 -12.1485412908
-33.3880334766 -99.9741946039
-20.9245426654 10.5292182721
84.4129830125 -89.340007216
-67.7807634648 -31.0152333147
41.9124939048 -32.0476194694
-22.8636437257 -86.2032756187
77.1215510094 -81.5372896154
69.8403109252 24.0025590964
69.5433931219 32.1624440548
-42.629405373 -72.6582159147
-0.593959285226 -65.2213182606
-25.7146179267 -78.9002816702
-47.0061751359 -54.2481600526
88.6112135415 38.8772326462
-9.83932331835 39.531655441
-45.16170214 72.4283870574
-67.9809605076 -39.4749939436
10.9737627074 83.6867606707
53.3508902552 -39.2492237362
10.9356595689 -4.47518353106
-48.9666774397 55.7621927645
36.5139706137 18.4658638074
97.0006367123 13.7957576794
16.4966745878 16.5615021134
81.6946167194 -51.0900849067
92.4635447808 46.9566515682
36.7356499579 -84.4428018834
30.036876497 79.8070837038
33.5113683656 -93.7444471404
52.1149273363 -18.3324581586
11.3355013174 -69.9940802142
-17.9780831723 29.9793564482
7.31921063984 -95.858581124
44.9511136721 92.3550934055
-4.607844498 -67.443185858
89.3335580638 4.26479688447
89.9638131929 71.9492256586
29.5754150008 -64.8821516519
-77.1014544969 -7.79103343335
-42.9866692971 -27.4123061846
65.0977021414 32.7664523343
10.3829093936 -78.2392954675
80.3181100523 77.7454525203
93.7722253405 62.9963715221
-24.2521479594 -19.4055228895
48.2631615781 -60.7355930491
87.3886359421 75.6944639936
-37.9171994679 4.41672172306
-50.0978873241 22.087671434
-2.23292807265 -13.3524128471
-23.5845085002 77.5753799783
90.6493539201 -88.3975651056
-27.6170485311 92.5004680643
94.1772202366 93.022091216
-12.6753763447 -29.3846423552
-52.9889108718 67.0683013969
19.8350396257 10.4520785342
0.0 90.1668518738 223.572587744 178.836206252 87.6740300868 166.428284421 41.8994284267 159.601044084 41.1551463844 193.404606716 84.3241300868 154.177171006 123.074871663 65.7503176249 126.983259488 180.105402794 19.8157139715 84.7471713 67.7351653045 75.6936068644 132.281713646 51.4364305304 63.0362695845 226.338771361 180.919116714 53.529102296 140.563865023 165.314615629 152.512939945 133.871641154 128.072959488 2.64020956101 198.676014451 149.151059467 157.040929556 173.808038947 12.0628939323 135.73765827 106.039113793 187.187334616 160.440497729 171.326693541 137.917920681 210.461814001 119.469050765 168.91991067 181.837750464 116.751960132 193.228140397 160.94126546 55.8230618755 47.7789333527 193.288883355 163.980478401 188.54016586 182.110534868 42.2423078401 95.2765103658 122.054246242 187.250239257 65.8587572917 120.926855104 106.5816877 127.864310106 72.9914028346 68.6786740945 87.0213315799 130.589304297 36.0762993098 168.648083168 46.657950695 178.451223492 100.778890025 163.068151214 106.795907814 188.492699656 34.2826297381 167.850415124 76.1944365869 15.2209439004 151.784045398 176.792616615 160.414584318 48.0568226963 171.021226774 3.98618170532 23.6830728436 141.255596533 142.993703438 11.3203862664 136.961743208 139.143964969 121.790626585 100.294250125 168.380353041 105.129140322 22.1622140165 140.78906385 130.267316609 89.3707018196
90.1668518738 0.0 179.454365777 121.539396811 114.525422702 178.278103895 50.227552678 136.090328376 51.4207459149 143.984109868 46.7756814356 64.1247538678 49.5115499101 121.152424076 90.107302611 159.061916273 87.7671855394 128.402391265 46.6805946515 122.83592985 137.744809362 39.6315331853 29.7774636571 174.933108402 159.001994852 40.2206520281 50.4926256535 145.751756718 63.9123931365 129.245966953 155.736027194 87.8207238385 131.739405762 81.2393959072 164.559113048 155.960708014 101.752059549 113.08387054 54.3943150624 113.98142789 76.7468389349 82.3744543631 89.4202866225 177.418012582 66.2139856717 192.389199671 120.312626032 121.674170937 162.794025219 181.977494858 98.3320792072 93.9822967522 151.811229477 142.118015542 155.703031842 134.815213177 108.684253969 36.9589560069 31.9780535818 128.001973537 25.4836992868 133.468903691 84.3834404911 41.0607720644 76.4212535092 126.8928032 66.8262031139 158.995107209 109.879616109 168.402156322 43.5977424241 176.418309762 115.123424893 148.390408169 46.5608577727 173.419914759 60.5353257615 144.029732041 125.498820062 103.476942245 147.600099508 105.495566843 107.860243095 89.787497315 156.378277934 93.7499185666 108.017593653 96.3330258957 150.293865901 100.811476178 75.9583365304 65.4674206753 90.3643396041 10.241235418 194.836849814 21.5277887825 108.887240911 105.703932043 40.6344439406 73.7841582687
223.572587744 179.454365777 0.0 60.7533962901 154.188290008 121.41814437 207.921754387 69.6845103394 191.485837899 35.8522823299 146.543148359 176.602740692 131.792737804 189.019676219 97.6182258223 60.2941027391 206.067472691 173.472368817 161.392566496 178.457779278 115.58892432 189.18699846 180.499308257 19.0535368516 58.599026597 205.56090666 167.441453297 69.8643691055 189.703037398 103.571085127 148.563073798 222.989998446 69.1184626778 102.243394762 113.362350955 67.8348018842 228.513579898 89.5672379656 128.21224482 90.5546681613 130.981636003 192.523343844 91.3555584127 27.8465465346 114.491667695 145.641149704 66.0334242618 121.573178331 39.5959707147 138.993381398 178.045491188 183.464023467 30.2855423434 68.1550004665 39.559882257 44.7156648925 201.936355514 145.539780891 169.876160018 57.6480546815 194.234503962 128.010725153 116.991034184 152.943516382 150.934483062 192.840896424 137.263536332 149.847682038 210.24335715 98.5432905881 198.623932616 94.5995528777 137.646452455 77.148557191 133.802606595 68.3663182949 216.743666641 63.5687798497 181.128269598 226.377109588 96.0422715599 90.3515758804 71.6052742527 180.758861526 73.7729101891 224.533344735 222.422084265 85.6067940975 115.070897097 227.492447166 103.73104902 119.294626177 102.009621996 178.259140903 151.91848491 192.134097364 245.130414879 82.8927072802 163.970068717 134.251553244
178.836206252 121.539396811 60.7533962901 0.0 127.861742548 129.970745101 156.030165736 62.2656507901 142.059936723 25.5221938036 95.8116715922 116.418634168 72.5276049384 159.639222786 55.0126174898 73.8772956853 163.80051996 149.338867169 112.116097779 151.490165982 104.909306377 137.407825322 127.326926116 53.4719995819 72.5683174889 151.794235307 106.740354013 70.7778127703 129.334066861 89.6088578747 140.06414489 177.741679858 27.5186476917 41.7949977079 117.102767863 77.1688322816 185.947415049 64.2003626023 74.9084681264 37.872384697 71.3256685951 133.364064226 41.1029362566 69.3093234162 60.703434937 153.923724837 9.25425348794 101.946031802 62.4531316639 144.458284793 142.979863971 146.326388917 40.5837682383 66.1842561323 54.9226052386 22.4100822085 166.353764989 90.6142351056 109.393879759 8.75871068119 139.092639771 113.357047759 77.571103126 92.3786185152 110.766044902 164.656614371 92.7572557871 142.458767934 173.515581138 108.167978849 146.632911671 109.889157664 113.451195187 79.0008377584 78.1688545742 90.0783083092 165.743227909 63.6778470389 154.616122937 184.719017727 94.0892718473 32.9754922878 19.002803958 142.696825961 82.0696611057 180.572630837 182.826449059 39.357270901 111.021327292 184.872696491 46.0011815394 58.8793799563 61.9947101077 119.219888144 159.475346486 132.469236865 200.983135918 47.7380849648 103.263927122 92.3097727655
87.6740300868 114.525422702 154.188290008 127.861742548 0.0 78.8772888927 99.223616696 84.6690422562 79.9201657812 132.216853515 71.7974606209 166.453507422 109.654146381 34.9481126951 74.5922132202 100.618382363 67.9040221508 21.5749907416 67.8827244189 24.4104517424 46.1818529517 87.8013007476 89.6111791471 162.44697489 101.820836977 105.772138587 150.221088942 86.8861231879 171.947130226 52.2560638048 43.7881833891 88.4853765555 154.06843106 118.050062192 69.4649098672 93.3195059074 86.9517762093 66.58697065 82.5100229836 152.386296521 147.408794337 187.861571521 91.2595574998 134.832204369 87.4738459396 84.2390312486 134.544484716 33.5234811654 117.759935477 75.1300169411 31.8667844722 39.903678815 125.573919151 87.1738111166 115.228879191 121.099410533 52.1366595922 88.0924707438 135.814031207 136.47591649 105.780463102 33.7635833567 53.8291716518 130.043307323 38.2729014381 38.6725805208 53.8347577877 46.8441013682 61.0836101748 81.9136556557 93.878204799 91.7573549113 16.628587041 82.2097503791 90.7378254841 105.393125229 101.731136657 91.6574902531 27.2901767489 83.3212256293 67.3176328555 141.784772807 109.505541824 40.2127019137 89.2213348349 86.6124792398 76.2105678539 89.735818173 55.7636957737 86.1833697467 103.283389205 118.519002074 67.1761510434 122.553857596 85.0159921922 136.044838448 104.706126322 80.4095077003 139.279406577 48.2866813708
166.428284421 178.278103895 121.41814437 129.970745101 78.8772888927 0.0 175.288575673 67.7140422025 155.461521434 118.695281672 131.502426032 214.95744685 153.725110403 106.181036879 100.451714464 62.5120512063 146.71660657 85.4651903176 135.537207663 94.1801166624 40.5494609286 161.135468546 159.712120042 137.103932382 64.2399958559 180.048713696 199.683934613 59.7044456192 224.023600606 50.8418805919 42.353467477 167.313698863 156.600717154 145.01668071 14.4417948655 56.0886833235 164.874020091 75.3700626598 130.07921683 166.025862884 181.707874433 236.243961037 113.757704044 94.3216424668 126.047082352 24.6972131262 139.104712478 57.0462301443 82.7827471934 17.8172692643 110.625750417 118.730572141 103.435799038 64.038958261 85.9423654906 111.590732252 128.303942932 143.767198603 190.25712765 136.159984074 176.775234215 47.3856128489 95.2608610909 178.893722767 107.228799322 106.628679222 111.538296681 41.295202329 137.054077033 23.2482516443 168.652899005 27.4704981358 68.2923347006 51.2080683143 139.858378764 53.4833929335 179.158857963 67.1915006032 95.1052242423 160.955641811 37.0705723454 157.857710219 118.502890252 119.05654535 50.1681954095 165.18724353 152.966833259 107.439676914 27.984765174 164.186113751 133.338811305 154.353703709 95.7410839063 183.814661264 30.8103491901 198.968244519 182.444734367 92.1703677595 190.348280066 104.613529025
41.8994284267 50.227552678 207.921754387 156.030165736 99.223616696 175.288575673 0.0 151.516572481 19.8596900907 174.609481953 61.4001266105 113.352620953 90.9586274746 91.113343928 110.769537699 173.989481318 46.2612912582 105.167071322 47.0735446106 97.2653853352 136.497466384 18.7695367449 29.0250448137 207.330899569 174.425574127 11.6456818933 100.563380445 159.319123161 110.940656742 133.296156656 142.976640261 39.3420372708 171.859789805 120.614639115 163.480671446 168.951167438 53.9367569518 126.72399589 81.1807686113 157.189987409 124.878382556 129.781068802 117.297864955 199.669600205 95.404518241 183.376721764 157.179438605 119.627299357 183.183005581 173.984081972 72.0790267071 64.8605428485 178.148092708 156.857362069 177.24228326 163.968111157 71.8981389633 65.9855671386 82.1063110476 163.77448446 24.87266534 127.902966206 95.1302443069 90.2631340142 68.9518662968 95.8824821793 73.371115461 145.98102359 69.8133413317 171.857995473 9.40180555457 181.167311582 107.030795448 159.259358529 78.5199756809 185.433811394 10.6076569666 159.980693762 99.0165506062 56.5525913196 152.411141498 147.503973356 139.122111209 62.1141816998 167.553808924 45.7840436213 63.1193285819 122.425591508 148.689926466 53.1306712983 110.850645589 107.728668454 107.620012074 59.9627033132 184.235997775 63.3876771931 58.8791777127 126.366537833 90.8614636606 78.5504385854
159.601044084 136.090328376 69.6845103394 62.2656507901 84.6690422562 67.7140422025 151.516572481 0.0 132.940440374 53.9111867565 93.3520255688 157.57221346 98.6684976685 119.587994781 46.1996217698 23.056111163 140.930098524 103.791726448 104.764089582 108.844162736 47.5711864043 133.633315457 127.519661906 79.7525784481 23.1889958485 151.956625837 143.783585412 10.536259349 168.430984933 34.1708220344 82.4627770512 159.406932851 89.1002347242 81.8957085476 54.9482612348 20.4055088246 163.017885163 24.7947608166 81.8805984581 98.5732223411 119.01540617 177.835136655 53.0188717911 51.2212417812 72.2992311324 91.7060862545 71.3906726841 51.8912319609 33.8891797552 82.4127104249 110.167384097 116.277338658 42.5386927584 6.13239994316 30.574357124 45.0537132865 133.772214704 99.1369251968 138.558082463 68.6708576062 143.609222233 59.0991444845 56.3984186856 124.201284269 86.8984597823 123.261030217 78.1536798817 84.3346028449 142.343715232 46.3728237875 142.815238955 49.633855568 68.0712303089 17.2719143579 90.6694495193 37.7741997753 158.840058334 8.468090327 111.478969992 160.409099411 32.2972242332 90.879473449 51.7506265455 114.073731135 22.7481492435 160.002083218 155.491709492 45.576960588 50.5212873525 162.049636951 73.0378692085 94.4282716368 45.9610199894 138.543191577 97.3343043767 153.920600273 180.2831849 31.6965157931 136.190994421 73.174109177
41.1551463844 51.4207459149 191.485837899 142.059936723 79.9201657812 155.461521434 19.8596900907 132.940440374 0.0 159.099172213 46.2498104073 115.319218928 82.2095683621 75.186092214 93.89117413 155.166517357 36.3653534208 87.3688339604 30.2396665807 79.9657675667 116.643598504 11.9522074782 22.3883490991 192.033179037 155.667859208 26.1335854152 100.909372658 140.416404453 115.228821275 113.644834465 123.708086866 39.2194548007 159.970276417 109.488284335 143.621249349 149.912238233 51.7914253889 108.166941618 67.497721064 147.17137407 119.285388276 133.777345388 102.094309979 181.879690333 81.5181603536 163.893535315 144.094346917 99.7800383692 165.159360753 154.395657656 54.445511071 47.9556891834 161.43525357 138.133083942 159.483851962 148.167262393 58.8501846 54.8406262047 82.5613492272 150.152497871 30.805330701 108.077683624 76.7543607841 87.0384606218 49.163673125 80.414191992 55.1223285152 126.757502233 58.9456961418 152.067585355 14.1633368603 161.41185634 87.2305503162 140.038455094 66.8455428935 166.20153472 25.8996181938 141.407236349 82.012539493 52.8812688668 132.728660348 136.988651398 124.383929687 44.6093350199 148.318676354 44.2320018611 56.7016361205 106.573114006 128.830236511 50.7744143287 98.2176979938 98.5134523403 90.0934537284 61.6526898441 164.903435336 69.4826705041 62.327115904 109.106226707 90.250354749 59.7681762489
193.404606716 143.984109868 35.8522823299 25.5221938036 132.216853515 118.695281672 174.609481953 53.9111867565 159.099172213 0.0 113.315444428 141.940827971 95.9871605267 166.012402898 66.4372493408 57.6687178938 176.926019291 152.979169785 128.859597015 156.556274102 101.03768279 155.841336011 146.583729357 32.9924231362 56.0783798296 171.515322947 132.121748488 59.455391469 154.844989517 86.6241888603 136.226964711 192.586746309 42.1897860279 66.4776691711 107.362882989 62.9217707982 199.373612418 65.643602431 93.908304038 60.0072126533 96.7719366799 158.761966489 57.3149641432 44.9519796894 79.8895863164 143.320936501 32.3521717989 102.269571024 41.6094199157 134.782587267 152.063046437 156.541982904 17.7027732895 55.6686552772 35.1834912027 11.45468469 175.954227769 110.845594132 134.068245094 24.7461560478 159.658494477 111.644926963 87.8222435439 117.172082207 122.170859345 170.493323586 106.387117454 138.180903363 183.771819209 95.7191490629 165.236280077 95.3564819745 116.408580399 68.0240130093 98.8264975731 72.2903981225 183.823951949 51.8867194569 159.500067024 197.651060197 85.771420384 57.3757762722 36.2412881318 153.365588887 68.6498828476 194.725215698 194.651709629 52.549144614 104.380725399 198.321763821 68.0856900747 83.4964178403 72.0557344244 142.529271866 149.266217098 156.312048016 215.337101397 53.8406533503 128.297971496 104.410032874
84.3241300868 46.7756814356 146.543148359 95.8116715922 71.7974606209 131.502426032 61.4001266105 93.3520255688 46.2498104073 113.315444428 0.0 94.9065821297 43.1117595575 87.3590070845 49.8644627276 116.354406115 71.9474155212 89.0219295862 16.6020318686 85.463350523 90.970848543 42.6479551466 34.5671934958 146.141395812 116.541002568 59.551883158 78.6944693297 102.251417044 100.155802541 82.7594772355 110.492710865 82.9465251467 114.405055309 65.0909731144 117.806681896 112.32808878 92.8181706006 69.08693021 21.7149896272 103.2832718 82.8188074959 116.187892334 56.0694805062 139.299356015 35.3905295065 145.980919144 98.0103600769 74.9852607328 123.279238138 135.494208308 64.7331394939 63.7257122289 116.869901119 99.1188675965 116.926191261 102.592375849 82.9377013879 16.7288334152 64.0431069243 103.932068255 50.2612756486 87.0495240232 38.5031743789 59.0810056634 34.2472937302 93.3098594075 20.1740964592 113.762867665 87.637746649 122.105935616 52.0824623493 130.403809436 69.6272289473 103.828603181 24.101214403 129.555844373 70.5105118619 101.669789368 88.5303270176 92.4194652523 101.389292633 92.7318144863 78.21119592 59.2689165062 112.020386923 86.5365898285 92.6915406032 61.0270314967 103.518249605 91.7350352044 52.6421136118 57.1242601175 47.728189752 52.8355793279 148.655256072 67.6603244167 106.417200468 65.7337455503 67.635483911 27.1278104495
154.177171006 64.1247538678 176.602740692 116.418634168 166.453507422 214.95744685 113.352620953 157.57221346 115.319218928 141.940827971 94.9065821297 0.0 61.2544550541 180.395363596 114.986584587 178.068361128 151.511093574 183.866515756 103.393624965 179.876315812 176.54399803 103.673202477 93.149094321 165.713627691 177.390502378 102.382842926 16.2324578449 168.107980942 13.5180849321 164.176062609 202.432053927 151.78946308 112.324370725 77.9812305373 200.525301443 177.718389746 165.840340689 140.682470836 86.6318254165 89.8676585471 45.830349007 21.615111065 104.575377468 184.454318315 88.9115766703 233.652160168 110.573582234 163.145176698 174.123667575 222.973953807 157.301115606 154.347433163 155.740293021 163.553892853 166.29548937 136.817763191 170.903481454 78.3833714735 33.0099520882 118.986867318 88.5748109873 176.442042528 121.688685519 36.8695992499 129.135038418 186.315951517 112.90429727 205.658750772 172.966346302 199.506245846 107.522847966 205.44131218 162.157711416 173.572472139 77.1809452514 194.456138819 123.146970103 163.692200292 182.847244668 167.601639201 179.448327864 86.9236665467 111.989733423 149.930797314 180.23935954 157.808050528 172.014521004 111.996502708 188.082951218 164.908314329 84.5450272249 63.2773473646 119.23099231 53.9218093854 237.349657771 51.6277006718 172.222134901 126.396024043 27.304393259 119.112843511
123.074871663 49.5115499101 131.792737804 72.5276049384 109.654146381 153.725110403 90.9586274746 98.6684976685 82.2095683621 95.9871605267 43.1117595575 61.2544550541 0.0 129.70855416 54.2052872899 120.430556404 113.353457351 129.01253209 57.6458660609 126.633876641 115.380099969 73.9195522446 62.3210760186 125.998121483 119.989205404 84.1544391463 46.0607086428 109.104989103 70.6265672629 102.926041537 142.4607773 121.294348931 82.5677823338 31.7280808162 139.298997178 119.063832965 132.855402648 79.9296949062 27.1723899974 66.3122013861 39.7146759189 82.6642407775 46.3545543299 132.957886787 27.7273464405 172.498554481 70.8489766345 102.427659937 119.998114546 161.82489136 107.480533824 106.815196732 105.721231362 104.776729664 112.422659597 87.717308286 126.020831133 28.2136816633 40.2821347725 78.6465155975 70.0279959678 115.85071951 61.0132914658 25.6569376324 75.1868483563 135.625805742 56.2012961802 145.640772981 130.489005953 138.752935505 82.0233433957 145.105254265 103.038993838 113.820737741 19.5148886097 136.285912051 101.448765712 105.550637147 129.806581772 133.082444609 118.468654402 56.9612175966 60.6096300486 102.366895162 120.949015004 125.838923368 134.446960629 53.9271449135 126.840255111 131.7899684 28.5176809376 16.7949535553 58.0458307743 46.6984123469 176.303095236 60.3502709724 144.532148822 66.9895137234 37.5864264852 61.3677662783
65.7503176249 121.152424076 189.019676219 159.639222786 34.9481126951 106.181036879 91.113343928 119.587994781 75.186092214 166.012402898 87.3590070845 180.395363596 129.70855416 0.0 104.962684861 135.340407908 48.3389288559 20.7470715483 77.0070931395 12.1326477359 79.5251605186 86.0816550449 92.2514218279 196.826184333 136.582591709 100.554631879 164.4608402 121.770347245 183.514001536 87.0674917586 64.9816376783 67.3982432752 184.876284172 144.274687156 99.4948011248 127.943531952 61.0181368508 100.670314756 103.867470365 180.712013689 169.178296264 200.951011651 120.843112486 169.747788815 112.258727547 104.843134169 165.616733896 68.3561994386 152.699834005 97.8413867648 23.1027381094 27.4853732648 160.164315151 122.118482934 150.156581264 154.740220802 23.741468276 103.941436883 147.883366401 168.367126429 105.456057067 66.3976390035 82.6925783385 145.927493801 54.8122035071 5.95525903583 74.7478633602 67.0530918063 31.6994882011 113.643595515 88.9305699342 123.362912484 51.576497232 116.856948949 110.196305624 139.26102763 89.9025932722 126.605186717 11.178887972 56.6824149506 101.132904903 169.908801029 140.846703474 31.4455625503 123.62395151 63.4109672669 47.7828228024 120.582371154 87.3211523035 60.5356586803 129.606922849 141.495268574 97.7540817653 130.628391004 103.680245636 141.733236567 77.7967670928 113.102129715 153.238522858 71.5616440716
126.983259488 90.107302611 97.6182258223 55.0126174898 74.5922132202 100.451714464 110.769537699 46.1996217698 93.89117413 66.4372493408 49.8644627276 114.986584587 54.2052872899 104.962684861 0.0 69.0300384962 110.58154678 96.155253429 63.9029881147 97.4096916805 64.2444650929 92.1647124596 84.4050960324 99.3555130942 68.9214585111 109.416339697 100.198097834 56.2227959616 124.814933272 50.2751870671 95.7720297926 126.197392235 79.9485306576 47.0131631101 86.0209659309 66.4073778854 132.99969694 25.7351849765 35.7509351158 78.1146988601 82.1259246331 136.05473488 16.8822804552 89.4704147333 26.7362830512 120.692488188 60.6557616254 54.7215204624 73.6869943435 110.131129766 87.9792811169 91.5167158688 67.5473758535 52.2990539865 67.1400776312 55.1274491196 111.444912448 53.2435241877 93.1744591159 63.7712839163 99.5569207718 67.9759241872 22.5587259714 79.8294877918 56.2679778002 110.136550335 39.998395658 98.692369807 118.772447382 84.5820944071 101.589485992 90.9273877055 61.9331085594 60.0660605013 44.4783477741 83.8805308887 119.29342641 53.9673125953 100.59827084 131.376513721 64.4726159316 67.7152189114 36.0463831463 88.0156555474 67.5645881905 128.288104051 128.760773293 15.6771921242 74.596802467 131.943408135 33.5845060752 54.0182677396 7.42131736391 92.3449614608 125.048287073 107.72167967 148.900070564 15.9632928808 91.673473069 38.1180351201
180.105402794 159.061916273 60.2941027391 73.8772956853 100.618382363 62.5120512063 173.989481318 23.056111163 155.166517357 57.6687178938 116.354406115 178.068361128 120.430556404 135.340407908 69.0300384962 0.0 161.02456774 117.724848711 127.449519505 123.910282691 57.4526933221 156.290055318 150.425093099 74.8261579331 1.73475086014 174.740300025 164.838485146 14.8501609089 189.37850034 48.3795450146 88.6733584095 180.072890116 98.2549663699 100.94057018 53.235742129 7.77539861031 182.755380593 47.4661434899 104.772807792 111.687643185 137.590501157 197.824137032 74.2009822361 35.5734744737 94.7115089376 87.1690173743 83.0767535868 67.1012698523 20.7444136663 79.6026808747 128.6255215 135.29301635 41.310026048 17.2500528208 23.4951859208 52.6650614043 151.649285934 122.122102823 160.574027817 78.2983556493 166.598929507 70.5406659291 79.0394377806 145.744107046 108.110174405 138.359265633 100.732813914 89.795062769 160.432580116 39.2672780926 165.402528312 37.7433997474 84.1477623498 18.5445669819 113.412026589 16.6718064989 181.046052976 15.0764936585 126.231673017 179.886538516 36.5117740465 105.501706909 68.273071657 133.500282163 13.5063194849 180.25374385 174.340940242 66.6219067455 55.15901788 181.823087332 93.7425404836 114.799043534 69.0163261709 161.330465434 93.3211176202 176.666695795 200.259307605 53.956278288 157.742747643 95.4643494732
19.8157139715 87.7671855394 206.067472691 163.80051996 67.9040221508 146.71660657 46.2612912582 140.930098524 36.3653534208 176.926019291 71.9474155212 151.511093574 113.353457351 48.3389288559 110.58154678 161.02456774 0.0 66.1403605327 55.9332832965 57.2375253944 112.49664976 48.2700260592 58.3632737519 209.705490781 161.886605266 57.2276130895 136.835687405 146.286369159 151.593789032 114.375738378 108.817506789 20.5993079917 185.019966362 136.931522221 137.234317647 154.591174127 22.4769456442 117.447650637 93.3353434212 175.142610776 152.148103351 170.136112812 122.699255998 191.991921282 105.975878585 149.761800114 167.465309897 97.0683562981 174.70185312 141.574636951 36.0916020677 28.0005614864 175.832741403 145.126021174 170.272429876 165.536405888 26.3557910038 85.1401774948 118.628395647 172.371648363 66.2286300068 101.111243885 89.3417204508 121.850279532 55.138006043 52.1283330331 71.1036862847 111.41652655 23.5715790535 148.852179895 47.1493008858 158.660349251 80.9929879268 143.771785549 95.6147202154 169.033238139 42.7182595791 149.09128661 58.105584967 20.9209105737 132.127931129 164.515936463 145.069070704 28.2775309712 151.65596252 19.2941635094 21.1784582766 125.387294299 123.178090361 21.4409988416 123.883256522 128.614782424 104.91900573 97.9895810028 149.437786998 105.564609688 39.3554184613 123.662666142 125.999786027 72.5164251546
84.7471713 128.402391265 173.472368817 149.338867169 21.5749907416 85.4651903176 105.167071322 103.791726448 87.3688339604 152.979169785 89.0219295862 183.866515756 129.01253209 20.7470715483 96.155253429 117.724848711 66.1403605327 0.0 82.1271691298 9.11510299957 60.780927425 97.0694348249 101.182099528 182.608620126 119.067605115 113.447780518 167.678579083 104.794785595 188.416296594 70.1454376079 44.3071627287 86.1492318145 175.625785866 139.147164075 79.1418504598 110.145372606 81.0811816748 87.3766583641 102.086042556 173.85890734 167.476763486 205.014723405 112.791387782 152.745252923 108.117430047 84.5364808504 156.092183159 51.9005070018 135.999157107 77.2403139515 33.0917265697 40.5187757472 145.508282839 105.658567915 134.126232392 141.985090116 43.7697760081 105.693040637 152.30366092 157.927815074 116.090980126 47.5153269442 75.1628797573 148.029183361 54.7795313466 21.5738548524 72.811341335 46.4788021518 52.1668263955 93.6822119724 101.511664417 103.309381325 36.5706167205 99.1817164695 109.739672089 120.391126982 105.527748321 110.223083416 9.64415646399 76.8668265863 82.4754392638 163.226237192 131.046497563 43.0553951556 105.466028352 82.7678099932 68.2495476608 111.309602264 67.5127693935 80.5251279303 124.358472975 138.828277344 88.7417873361 137.183263956 83.7010971045 149.674278893 98.1754275919 101.78180584 156.566508944 67.9999442744
67.7351653045 46.6805946515 161.392566496 112.116097779 67.8827244189 135.537207663 47.0735446106 104.764089582 30.2396665807 128.859597015 16.6020318686 103.393624965 57.6458660609 77.0070931395 63.9029881147 127.449519505 55.9332832965 82.1271691298 0.0 77.1444730853 95.2537816292 28.8722120395 24.3079063568 161.794970846 127.808563094 47.3774722331 87.5061269774 112.922265406 106.772989007 89.4314273063 109.723480592 66.3452658003 131.006170426 81.53328874 122.529119081 122.743351019 76.3929253014 80.0196983614 38.3107928249 119.67867321 96.9440019481 123.98669786 71.8971827834 152.596401611 51.9304528132 147.582535507 114.52257403 78.5069217677 136.128641883 137.402307651 53.9087869632 51.2830064794 131.427528889 110.239791813 130.16919722 117.938992304 69.2871571971 29.5233093334 70.9307487125 120.321639691 41.386171845 89.124863111 48.4107045412 69.5717403999 30.0279687615 82.9234785044 26.782205848 112.960984006 73.1034321873 128.786571549 38.1247511653 137.643289109 69.6434738121 113.46467907 39.6949151916 139.566959271 55.3908735011 113.210135754 79.9811398804 76.1498540056 108.534282676 109.186437017 94.2470764936 46.8127805751 121.757464159 69.9913329086 76.9112997958 76.3376879942 107.833671606 75.3115282434 69.2418925811 72.683240767 60.5503471769 55.0972980336 149.602042478 68.1805974674 89.8180421635 79.3605381191 76.2836410138 32.72960974
75.6936068644 122.83592985 178.457779278 151.490165982 24.4104517424 94.1801166624 97.2653853352 108.844162736 79.9657675667 156.556274102 85.463350523 179.876315812 126.633876641 12.1326477359 97.4096916805 123.910282691 57.2375253944 9.11510299957 77.1444730853 0.0 67.6639674999 90.0884820137 94.9152160347 186.856883128 125.190185658 105.913709413 163.763324755 110.563290629 183.864817033 75.814469799 53.3371799928 77.1282446568 177.292536335 138.776692385 87.3635509273 116.441519592 71.9703666464 90.9552245116 100.07261025 174.364529405 165.627648302 200.81613089 113.735680807 158.574675672 107.191431463 93.649720631 157.865775665 57.2015591764 141.632619672 86.2988706579 25.5401759167 32.4074967516 149.964238325 111.111676371 139.358061328 145.398251762 34.6745686175 102.191957793 147.878324701 160.163186671 109.292496298 54.4759613855 75.6597685219 144.526700223 51.5572446167 14.4710156474 70.6616424052 55.5586388509 43.1360143789 101.536984298 94.0401448854 111.246222195 40.8165045463 105.386843118 107.186346128 127.415906023 97.1938847718 115.635660494 3.24826414535 67.7655226855 89.3242951985 163.633819448 132.909543012 35.3711892665 111.994398658 73.6767502429 59.2027348695 112.85426841 75.2294714827 71.411577736 124.002691714 137.340757173 90.0641778814 131.899744017 92.8046331574 143.904474647 89.0955277327 104.345583077 152.585019276 66.535906637
132.281713646 137.744809362 115.58892432 104.909306377 46.1818529517 40.5494609286 136.497466384 47.5711864043 116.643598504 101.03768279 90.970848543 176.54399803 115.380099969 79.5251605186 64.2444650929 57.4526933221 112.49664976 60.780927425 95.2537816292 67.6639674999 0.0 121.52091977 119.51035053 127.085686989 58.8975420721 140.537884533 160.937825857 45.7371327081 184.990281964 15.3572815388 35.3709294425 132.797892138 132.42750418 110.89213356 27.2885844723 49.7441028811 132.617666398 42.1212789114 90.5899975064 137.390844871 146.352554451 198.028669352 79.5677277718 92.902959132 88.078487437 57.1184944952 113.347442346 16.9177949664 76.7467068232 46.4453039586 77.213489498 84.8629356891 90.0051509109 47.6664952829 76.0762722309 91.3281779666 98.315248332 103.543048918 150.593748796 112.529552291 136.594924858 13.2657307921 55.4069665468 140.03252139 67.7143829165 81.9284077525 70.9888527476 37.6032040684 107.263677102 36.392789051 129.395594448 46.1737621298 31.5037730692 39.0640651543 100.348357644 59.7521764082 141.172732591 52.2046253077 69.7003259467 129.159067865 21.6992592329 128.013309673 89.7367438782 84.2257588108 44.7959214314 131.624635151 122.324254888 74.4661116321 12.6065107911 131.800620209 97.8282833082 117.948505498 58.394814614 143.401502491 61.0571898356 158.499733163 150.398057291 60.0653514218 151.218391638 64.0652315727
51.4364305304 39.6315331853 189.18699846 137.407825322 87.8013007476 161.135468546 18.7695367449 133.633315457 11.9522074782 155.841336011 42.6479551466 103.673202477 73.9195522446 86.0816550449 92.1647124596 156.290055318 48.2700260592 97.0694348249 28.8722120395 90.0884820137 121.52091977 0.0 11.8158998677 188.573067111 156.663246021 19.0532410511 89.4992481559 141.725344954 103.339981727 117.098103114 131.40751719 49.2693826294 153.770812372 102.704223477 148.744973446 151.495519112 62.6284878443 108.880007906 62.5124679425 139.779142313 109.677920633 121.926335957 98.5311274729 181.267428641 76.7345586267 170.99002485 138.739557978 104.606175086 164.901644796 161.217335653 64.5801892451 58.6420124194 159.457677469 139.091886732 158.843249403 145.200521198 70.6128824823 47.8304965403 71.0652669924 145.221647825 19.3767179627 113.931899562 77.262181371 76.4622155264 53.9151870918 91.4637732193 55.5640675314 134.532681715 70.8885479376 156.144540876 9.43935677426 165.245032225 93.412732698 142.067069124 60.2852120215 168.212362015 28.3796009227 142.081046335 92.312065053 64.0718563512 136.256833654 129.87536641 120.389921771 54.9873720549 150.366530802 54.8005269506 68.3862814911 103.666571741 133.941503411 61.648682115 92.4592335678 90.549599255 89.2268957872 49.8727302669 172.349685119 57.5494653265 71.6465425401 107.842937886 78.9986726874 61.1737826219
63.0362695845 29.7774636571 180.499308257 127.326926116 89.6111791471 159.712120042 29.0250448137 127.519661906 22.3883490991 146.583729357 34.5671934958 93.149094321 62.3210760186 92.2514218279 84.4050960324 150.425093099 58.3632737519 101.182099528 24.3079063568 94.9152160347 119.51035053 11.8158998677 0.0 179.105899482 150.684660563 25.0888306168 78.5664408709 136.101743163 93.652152677 113.676187332 132.529790828 60.9271131058 142.834905959 91.6039645045 146.794247243 146.06223384 74.0235852427 102.982993492 52.7364809977 128.371309598 97.8637130751 112.012539402 89.3379089307 173.860579943 66.9083064055 171.153584221 128.256816099 102.721011868 157.834508694 161.099406222 69.8144273161 64.8500370978 151.083380879 133.175422836 151.492411397 136.174591961 78.9323518097 36.9913733494 60.2806028677 134.958398493 17.0867243501 113.049143739 71.6360089637 64.8359085727 53.1857145401 97.8788360249 50.5166418986 135.727574654 80.145135411 153.0636158 19.8105322612 161.872626069 93.1508568394 137.092101292 49.5375092502 163.086102322 39.3012227892 135.899744853 97.3950180315 75.2446491088 132.750419775 118.582711211 110.778820144 60.8067764594 145.361061666 66.3073416963 78.9977266204 94.9008134164 132.076682569 73.0231565686 81.9183235629 79.0175044679 82.2053115376 39.8767344299 172.933027546 49.5328204824 83.4427452147 100.296041076 67.867596845 56.8167420079
226.338771361 174.933108402 19.0535368516 53.4719995819 162.44697489 137.103932382 207.330899569 79.7525784481 192.033179037 32.9924231362 146.141395812 165.713627691 125.998121483 196.826184333 99.3555130942 74.8261579331 209.705490781 182.608620126 161.794970846 186.856883128 127.085686989 188.573067111 179.105899482 0.0 73.09207745 203.929156675 157.884827726 82.0814843377 179.057520934 113.880493346 161.242970756 225.542116239 54.7586651874 94.9919897884 127.974755639 81.9117813689 232.17012359 96.1843230529 126.370094651 77.1431431729 119.885926777 180.336977248 90.0760645997 45.7981440575 112.230376622 161.620761692 56.3563884589 130.988482613 54.3219107415 154.388215262 183.970286306 188.756820204 37.2544769602 79.5130858249 52.0396370804 44.2285484782 207.913543046 142.968114517 162.202366082 47.9971803957 191.73715247 138.85161157 120.44324005 145.113665846 154.797431327 201.037253277 139.336303635 162.794764646 215.900035206 113.939962326 197.94329897 110.927111165 146.206068732 90.0604728366 130.735676302 85.0111506858 216.645728367 75.0573803128 189.687209917 230.370315613 108.942589871 78.790574906 68.3408723013 185.709718353 87.9636210866 227.618887733 227.155610013 85.5244216186 128.08225536 231.12278152 99.1089724381 111.994076935 104.786485077 172.685938804 167.843415693 185.81517891 248.238237172 86.2141582448 155.543226204 137.216136221
180.919116714 159.001994852 58.599026597 72.5683174889 101.820836977 64.2399958559 174.425574127 23.1889958485 155.667859208 56.0783798296 116.541002568 177.390502378 119.989205404 136.582591709 68.9214585111 1.73475086014 161.886605266 119.067605115 127.808563094 125.190185658 58.8975420721 156.663246021 150.684660563 73.09207745 0.0 175.06366698 164.25003904 15.6051131283 188.765237004 49.5663673889 90.2981594107 180.864109575 96.7877787597 100.133102607 54.9617028179 9.35327114346 183.666391705 47.7916330656 104.672375782 110.40326743 136.701674154 197.071584937 73.7066226017 34.0516797829 94.4383493063 88.893687483 81.7521842957 68.2976732954 19.0329545695 81.337143728 129.649462925 136.266085006 39.6389730153 17.5732784496 21.7896814328 51.2347816228 152.736872135 122.079841202 160.170195276 76.8814926296 166.797735222 71.9508536243 79.4012308394 145.247903207 108.794008634 139.64568218 101.122769574 91.4396265448 161.504885123 40.9964850443 165.801088921 39.3858307046 85.3205331478 19.9010297345 113.237738404 17.7082189026 181.556210787 14.9804415977 127.532432679 180.826477047 38.0661069984 104.318182507 67.299576527 134.429213893 15.1803022935 181.101045475 175.345724177 66.1231663489 56.777296625 182.72965616 93.1474762909 114.136473737 69.0942679311 161.162459487 95.0484272359 176.477901767 201.145619835 53.7049763614 157.243650591 95.9329075254
53.529102296 40.2206520281 205.56090666 151.794235307 105.772138587 180.048713696 11.6456818933 151.956625837 26.1335854152 171.515322947 59.551883158 102.382842926 84.1544391463 100.554631879 109.416339697 174.740300025 57.2276130895 113.447780518 47.3774722331 105.913709413 140.537884533 19.0532410511 25.0888306168 203.929156675 175.06366698 0.0 90.0463852989 160.265671086 99.5697113705 136.124740989 149.527667255 50.9621568881 166.122735497 114.7577207 167.743743606 170.113020036 65.5736813217 127.278692798 77.6086264698 150.432120903 116.211324051 118.41295423 114.335358997 198.832997267 91.7010650659 189.444847757 152.303397638 123.620805094 182.70246793 179.786171308 80.4476133264 73.6838738721 176.171812131 157.509108989 176.443615778 161.182604742 82.3587762731 61.1805813778 71.7138120371 159.240587202 14.8697803728 132.77938739 95.7211054444 80.9917013438 72.8773854093 105.554483692 74.1590333371 152.609606846 80.7934717896 175.195867252 11.9740572666 184.285684227 112.150038411 160.82664556 73.6623655379 186.940439694 20.7651274618 160.37782373 107.865107988 68.1951691167 155.282460253 141.079619414 135.588827261 70.5464822695 169.122035186 57.4227148311 74.660932204 119.973273967 152.936914884 64.772274088 106.052092071 100.932730514 107.001144707 49.5363468989 190.631707415 51.9501565054 69.9428963049 125.271995048 80.6953567778 79.9821418278
