non euclidean
100
-98.8772669633 -24.1436619666
98.9423117688 35.6433427562
62.1370291384 -75.2074326337
35.9356443007 -38.7370013269
95.326933529 9.52725207048
-65.0832865669 25.9516484095
28.0035496058 -48.7936088253
19.8577023986 27.4795223389
-76.2737790837 55.9539004623
57.6439151713 -17.4161206391
-48.4176657642 -59.0305288166
-10.1427614244 49.9474549285
57.6839752702 -82.0319180499
30.1040517513 43.798783442
-49.1050017053 -8.01621104602
32.2040010854 16.4290648922
-59.100575505 -16.309677153
17.1190000736 86.4450020996
25.4784791012 7.61724851867
-26.6998154943 45.7281453177
-63.4564001653 82.4220858194
-20.5546338704 -37.5025784371
-58.2119369577 -22.8741328557
95.689270421 48.6865981425
91.5400882058 86.7981332332
-88.6769790162 15.6917179432
-65.3348959075 62.0947736414
-79.2899586263 -32.4969514858
50.8421967334 -91.578107432
60.68239466 62.9602599647
-44.7647829333 21.3259327539
67.7955599205 -88.3111109113
-11.5159749554 -45.1118959419
78.4987210773 62.3509924767
85.3871178402 -10.3408289438
19.6002941095 63.5367560659
67.0872963596 -16.6280054149
53.5437396282 -60.3199902639
-80.689151166 -42.6675661683
-12.0915735512 -0.507101196156
-4.70827644086 19.1233614669
15.0815436817 -24.052638386
-33.1121161266 19.7539764191
16.5000975191 98.3142197379
-35.7390713166 47.1966105583
41.0775512937 86.1458690721
-90.0617279045 27.8752507668
-21.6605613238 -41.3519683455
76.7573098113 -12.3783376672
77.0162750542 -39.3639640172
-19.0007603614 -47.5860933919
-28.4945518297 81.8498861327
-14.451322557 42.9133994688
-68.834674368 -56.7701782262
16.0493302591 -82.3403003737
79.1735771583 17.2337311306
28.7175988225 -2.78421522768
-12.1591781752 -36.1247934563
66.7884982014 29.487622867
35.7357169008 -1.47234036725
-63.015371699 -29.5792807877
46.1094583997 84.318912302
-20.7322852423 93.3085249736
77.7286980772 94.9414713128
97.7505463543 -50.4418909235
-7.18349029921 70.171765067
-22.1968513513 96.8419213744
-29.8284643467 30.7935967678
-37.8028913872 0.178286604559
79.797688337 15.3758644675
-4.88563687192 -39.3316794851
-27.7446004352 -35.0540625591
-44.4311119058 1.08158289957
-98.3520686487 -92.7130539337
48.1877440302 17.2206841262
-17.5560668837 -36.9513315121
-7.04544347176 47.9716076959
-21.5580146159 4.34862896861
-41.4457303305 88.0545839317
-2.88360708401 66.6412974563
-14.0012298936 -88.3385820514
-66.9920820666 -80.6490138623
-22.9906536739 18.565696893
77.0700227909 65.3285893555
87.7336404208 38.011002444
91.6520823672 52.5041380284
28.9149101243 -2.42592118995
30.8454343079 -85.0597758505
-23.4978600905 -23.2492305203
64.5686405828 -19.6902980755
84.994818567 24.1398491524
-91.5165233088 82.4398091707
-44.9060447009 65.5345060917
49.5193835882 2.99381359901
-10.447922759 -22.2232194671
90.4077205406 -20.1001975648
17.6220909543 -46.4119137603
34.8046817142 75.4951508048
75.8659037123 87.078404569
59.9226666448 -28.0472126122
0.0 115.909847107 79.9061421043 128.593119081 149.137660966 128.611076314 142.409486305 65.5219584841 119.40088609 61.6479652434 135.048544641 142.252996844 64.9738013815 55.8098502701 70.8695977495 127.793869447 56.5716979148 73.3216432442 111.675584939 72.2469197719 144.312791203 126.360455191 50.9330711599 144.822627559 135.811957881 129.344816422 64.0247110682 116.315840273 149.74624168 51.1809517915 53.791831084 145.381625889 105.954571937 73.071788278 80.3873901625 99.5493978613 130.586336947 100.638891732 128.673235424 134.278241786 119.140622004 131.860822847 110.619002656 101.750103135 91.3353518503 93.5010956353 67.3168708163 134.551474153 132.551359131 95.9287726961 74.0141666039 117.37232197 73.9264980201 130.595285318 129.211300786 108.99846896 66.168272186 139.172327236 85.214440445 63.6960920593 148.840452953 82.1163771491 138.641746854 115.540495616 88.3419971319 67.4625797137 91.8789332783 131.097281885 102.70223755 52.2562306459 115.952813558 111.643731034 82.694434814 80.0538086333 87.22386738 58.849654149 103.923684401 101.325550618 147.405752684 89.3902819319 125.238170875 148.045186428 76.518128837 76.7458365681 141.08693139 65.2784960071 136.538466967 127.707922974 81.6223690409 78.1771804992 146.424535554 120.567456224 69.3001927719 126.24387216 72.8225755743 128.42573309 120.466150283 114.932680268 50.3750445324 143.742358519
115.909847107 0.0 136.468188853 111.018847066 145.642994383 111.254367048 78.2498709843 66.2266035939 109.134412609 66.5340359809 60.7827587617 89.4862481622 96.0430335178 149.529198285 93.1068805963 147.102088677 128.111446762 143.395488494 62.6042575472 60.0867240572 131.583673124 60.1281557335 55.1718786994 85.0939046749 134.815616279 69.8001067213 146.033414241 98.0511199394 73.140922805 117.341642824 67.2360005575 144.10446897 88.8477480839 72.488223471 129.657421952 58.4245128921 81.6477710065 114.325822024 111.009332124 58.4207183542 115.858958756 62.0072717869 134.190627815 68.6456885532 146.77882622 78.974852327 107.549807586 127.081164928 140.093279807 122.400823129 125.377462434 94.1552300159 117.724860493 90.287618251 83.5122462783 58.6128523167 94.0421640544 104.504877082 135.03926749 98.7730353231 52.3602936423 113.913940936 131.077926084 92.4176329432 119.154266459 63.4038175317 77.8336782195 89.2222865202 91.7859159305 116.449479456 117.816915938 92.5820405264 134.258911755 99.9650403686 127.177668979 103.915512692 74.7404863173 132.138724688 109.11422587 139.76554065 127.820998427 110.130821793 53.8007747869 142.611260199 129.317518918 98.4465879958 50.9905837248 52.8245557919 134.410954431 67.5202178836 102.024638569 55.6776396051 131.951368035 129.486408521 96.2335587774 86.8274856462 66.3527312912 121.089434014 148.306810371 133.991629533
79.9061421043 136.468188853 0.0 83.7836743937 61.7327703249 80.3921824546 141.978125628 119.605021153 55.2861821416 135.520738536 73.1870970026 85.5406026315 123.046852466 104.714207499 63.7725095465 102.66922929 122.830553588 103.218723386 120.714956626 133.15116818 118.102329864 149.183791991 98.8420695525 86.2678698044 147.259087619 132.550865485 55.053458388 138.781911141 53.3787757427 120.219313167 68.1288753079 93.5222045382 134.77495988 69.1474181036 98.5035576236 120.634828945 138.285189882 125.564075121 140.327295161 71.375520085 56.0929823231 74.5064795984 70.3335031513 121.869385986 121.816358436 100.741937074 54.7126159884 75.0797592495 91.7013066259 54.5830948696 56.0247992082 132.123730823 124.038737446 129.697999718 84.159044525 102.819584904 87.2189102652 148.094924328 74.0444557838 133.64836257 120.087176073 118.463998082 119.294553928 65.2669259165 146.721099713 50.5906012504 136.647906843 64.3614071961 71.5019072353 83.5572212795 139.665626782 111.768725572 126.354848696 79.1613858711 129.454660893 74.4263405047 85.312693395 112.048397155 146.780555476 80.9941248173 85.1902110308 96.0955818189 101.011000647 52.0162620547 148.202209054 56.319918242 108.033923176 91.1573004704 55.0854320192 105.878689375 79.8900884213 118.702506063 108.116200231 52.9371091354 101.620434862 70.7283142849 103.593825136 67.0682956061 139.52162362 108.312233509
128.593119081 111.018847066 83.7836743937 0.0 149.500207662 88.2568528114 112.512774655 144.532121829 98.9969467985 79.3603184155 99.6998035622 142.000140164 115.296774448 70.9528853159 54.7870196755 78.0043255711 143.551055501 55.159754235 123.696550707 90.9310695029 141.429477063 52.0727210881 143.742289679 84.0290215209 97.0209806091 81.4986515176 76.3192515942 129.623111243 139.053385467 55.8227796012 89.5841820254 104.409129027 133.698764723 97.8479519476 111.234054509 149.835296005 85.4499117681 121.650957799 134.282517964 68.0385533739 114.372720152 105.686690252 82.5889336858 56.4294598493 126.274030732 105.531335251 127.114095262 98.7387840668 96.3797652651 79.8118112565 121.148809273 120.924945427 113.241440578 135.190716358 125.102353404 76.3780575456 107.164303972 130.641136519 145.753687021 93.7992328278 83.0123081874 135.57729976 114.976138384 140.869102813 143.880395755 80.8329929063 92.7066653017 117.218571612 89.5167417188 111.099753448 142.754222197 147.521853798 66.8833490129 84.5250843623 110.506178947 72.2411689236 69.0710312465 80.89075322 102.315994128 146.99000478 131.000741346 120.510099177 131.655266717 136.323532667 126.138526123 50.5623504374 126.673752593 100.192270925 68.0740216153 94.0237196963 52.6493665518 64.5229931064 66.1264619278 148.472497243 110.394806389 99.3276397144 108.335530627 60.8280275795 131.007820924 91.6513906614
149.137660966 145.642994383 61.7327703249 149.500207662 0.0 120.808084399 62.8320923152 138.020235221 66.509875793 106.134077879 109.163615447 129.864172939 109.765031219 53.8946602874 93.6877075921 65.936301883 63.5035350177 85.8173469686 128.784775242 131.680615867 116.820701236 102.388325714 123.903340465 123.925572918 101.943748767 136.565045748 72.2281571793 55.0447821217 67.4888151245 141.965655752 123.657289256 91.1258589796 93.1033905257 61.598166801 110.066042017 119.043696838 118.488760927 88.611034826 69.5480534288 118.753771487 61.9010101846 120.560464598 140.962402605 80.9219310363 95.2648172133 148.292094528 55.5711648392 52.5037664331 90.1743607278 107.177169095 90.3094346624 142.544695451 104.77753499 115.118785592 67.9126868584 144.335341793 106.226598922 82.7257820718 77.9268483882 51.6490516953 56.6364778833 96.4505438624 98.9397474637 78.3684212547 62.4772420217 105.234670265 60.0660720963 89.3138718692 79.3853920492 135.972249794 75.3089153116 112.43638782 111.66413854 54.7662247876 131.051274626 111.142466107 99.2123514074 89.7290839984 110.307783222 50.0705124075 72.5399352509 141.090639962 116.318974226 124.496862739 69.112530461 88.0156723143 123.920745294 98.6116963974 96.0708267985 113.712335771 85.2537338994 129.688748094 136.722890913 122.978125986 128.23681586 71.4844595725 100.048916613 55.2270463132 54.8584031545 140.742738725
128.611076314 111.254367048 80.3921824546 88.2568528114 120.808084399 0.0 114.692130879 68.8580925714 105.426050255 145.135065999 82.3085521998 88.6350496216 61.9302415703 122.305880977 56.6299314931 68.0406308058 118.332637783 90.0002368878 143.623654472 90.1630067743 77.9903803054 120.724492588 78.2264402702 87.3760923715 121.149195323 118.256525077 128.423667512 95.6051092044 82.6947969593 94.4961374669 148.85217641 122.550367695 92.3039011932 118.445753628 71.4149185878 148.84184937 101.481050072 52.8413510369 107.464172052 96.2136899014 63.033502023 85.1601874846 124.18750193 135.650896341 145.015226913 94.5396759137 51.8883594755 90.236480897 139.206353406 99.7329039379 126.554760966 64.1370684729 148.684442016 66.6051035481 117.188491139 141.98771133 54.4321413147 82.0058987155 56.6154456649 131.641203626 79.0353023862 75.9027516609 130.575001624 108.375892019 106.388384509 130.907594563 76.1371323024 111.894253142 137.75341676 64.9538131095 93.2162177877 70.2105659286 148.186460592 113.419501321 84.3356502329 143.90464641 133.283002433 103.267325271 144.830894948 142.478640896 147.655045067 128.922224905 92.7339522336 63.1185982202 126.45711927 138.456680383 91.5767727165 93.6354840915 55.6538696843 85.9083342233 119.93457088 121.21581817 111.631917692 119.875369042 73.7080194455 101.908139686 73.3636596171 115.359793363 117.891680459 60.0436613528
142.409486305 78.2498709843 141.978125628 112.512774655 62.8320923152 114.692130879 0.0 101.440531143 131.965406073 129.196124116 140.981483158 70.7850665631 77.7895584962 102.923632874 132.547749837 106.729738412 118.31247284 105.675679966 90.6461808596 82.9130073614 111.109342924 125.308813932 100.462844995 108.733946307 85.0404792222 136.143400027 98.9591863635 138.364474865 95.3959085 62.5189449417 55.0654339518 94.91243283 107.07210652 78.2289473537 54.1348661301 134.845329092 79.7684812875 103.983889616 73.0747965447 58.7809096247 110.478992514 71.3600787748 80.3462540181 146.991891937 82.7919952839 106.444098674 128.661521038 60.6722786922 142.70280268 98.954992522 148.892546823 94.2184703325 116.981304719 75.8404082791 58.3809466264 80.1875504746 69.0177331786 145.505464206 78.4873446584 108.82005033 83.292724768 93.7673869763 53.7824934693 140.000895009 138.047971821 134.42377433 144.127859708 113.500762023 120.161641707 103.553751343 78.8266872272 96.9835123815 113.151737058 110.172946714 123.347963265 113.694375689 107.072127814 126.418507408 55.9805762908 99.258776663 71.3061885472 82.2650093625 139.563832586 82.1910248415 86.1694186009 131.848163995 67.1593456446 90.1418832482 141.623090799 112.210152286 133.301785606 112.465806692 69.6010053718 85.7648894184 141.024870507 62.5527280589 86.3962360645 128.938163262 149.087805192 76.955950854
65.5219584841 66.2266035939 119.605021153 144.532121829 138.020235221 68.8580925714 101.440531143 0.0 136.023336168 60.4081749479 143.640693629 134.344265405 51.3766400124 109.821841274 90.4356006472 67.727706654 73.8678631124 63.0353331641 119.314674978 67.2189125245 110.658252328 65.0722445615 132.515624951 75.8483520882 91.1272400431 144.567668237 93.3182022511 129.240246237 124.231464741 119.202115004 144.228296324 72.6443703754 114.650681745 147.814114072 98.766512022 128.49675335 82.1817304905 58.9562865168 111.317467675 72.2535778206 128.468324497 61.6680871805 57.5726689741 118.220930488 62.6675316635 80.1459136751 144.744306489 139.442342514 74.0591924193 117.146943042 82.5229709013 122.882277539 93.9013092603 100.358081197 85.8680078622 70.7421545171 73.3959658735 99.4989741471 87.4751641465 108.455875312 71.0184850697 129.952864177 121.246386259 68.3230799174 147.525088846 120.961478548 142.945357302 74.4851593496 75.1567774008 113.440317273 83.3094363346 88.8535947142 68.519207279 72.8077592807 56.7871298239 89.0151233955 59.478901939 87.881775903 59.5530618883 120.521048306 101.994474309 116.381649859 113.778755498 123.515321443 60.5232777845 85.3989901656 79.3825657039 132.467142037 144.541530357 117.202997198 76.8862018339 133.12875198 68.214002108 125.883140465 112.92893201 114.792647616 117.95689632 97.7446601863 52.8041572528 91.894589889
119.40088609 109.134412609 55.2861821416 98.9969467985 66.509875793 105.426050255 131.965406073 136.023336168 0.0 83.1979566706 89.8566232222 87.5606404121 123.41879396 55.5921827893 122.977168293 134.718594832 97.3725930542 131.723448076 139.876407301 144.404470868 73.5260967939 92.8698890587 126.804447651 50.9397393185 58.644598025 73.7259634009 117.09894278 52.3768342222 74.0731773302 121.925026454 95.2944193993 64.8587157184 86.4162205748 124.640021733 117.413475711 129.247657958 83.5086245306 123.73061906 50.8144262236 147.545163177 146.091486896 92.7441828149 53.2990674705 100.326652329 112.977921025 143.686301429 134.617775682 135.418090054 68.8510583015 121.223189537 104.108340911 124.421743166 67.2595270882 68.441694491 112.570662453 105.134777265 64.4703405921 136.92188338 102.810971364 129.487016162 51.6490864735 135.628385884 82.2466704658 143.188340463 118.445556947 84.5589239252 137.797622176 77.6671162084 123.652266215 65.8584895725 122.742617445 74.8264814098 122.607016153 119.985416601 60.4512417761 60.6948640904 67.3589425451 119.508258101 145.003762757 73.8587767946 91.4081012906 93.3517337861 100.71008797 55.7043707033 82.8016878475 132.195030257 146.443149476 105.668545177 120.438548547 111.023562406 84.006068798 57.9007268794 116.868741512 97.468192254 116.950079972 75.7355651195 128.681671309 127.390192354 64.6685529667 72.0905446525
61.6479652434 66.5340359809 135.520738536 79.3603184155 106.134077879 145.135065999 129.196124116 60.4081749479 83.1979566706 0.0 57.788520166 130.460911626 70.0507825604 129.93117151 135.826341933 125.380858264 66.5977650397 50.2671162174 108.998215184 51.5691350413 112.055493391 82.672161297 52.9233582063 75.7002400441 104.042625451 83.8316048637 92.077519567 132.208692822 100.536974238 85.9872784996 53.3956407972 100.685905731 108.225274029 148.643392204 93.3307981227 81.8075512683 54.0686193281 102.982712347 83.3111686697 147.963710607 80.4985588536 131.180712199 69.066844156 102.517135616 55.8081276782 140.217732415 50.353556474 62.8946589848 113.55458615 73.6211302866 116.146546873 122.683919671 122.236163936 131.122048421 116.541539926 140.523903998 121.32626075 61.6948187853 119.553943569 130.070357604 59.5654817267 126.258874384 92.508685997 84.4499598469 109.47581361 114.750448794 140.17722707 71.5451112821 118.669415779 144.029209616 94.00342681 79.5951991704 107.441616529 124.465063284 138.647263349 129.601220904 60.3770849973 53.7988182349 93.6703904222 77.6871531283 79.6110937714 140.575924867 135.235053182 100.993746264 107.469016121 97.3134316461 51.238686243 67.6795398678 92.5534709936 149.920707491 70.2093709133 84.52249037 50.9238283541 113.459848033 99.8875264095 119.51006902 56.7144334689 77.8058179822 100.666279077 76.0371292634
135.048544641 60.7827587617 73.1870970026 99.6998035622 109.163615447 82.3085521998 140.981483158 143.640693629 89.8566232222 57.788520166 0.0 65.352298308 134.855276634 92.7468733389 100.328451721 101.316851152 58.0827553524 147.785608317 99.5596538413 140.840631765 67.1400038805 93.5599804167 54.3244848945 99.2587123637 60.6114203042 96.2550574339 114.28527485 80.3747609516 120.303536954 95.9181338301 139.476356506 98.1951003513 131.995214894 135.50412094 91.6534348646 142.6252271 88.5351485087 124.48938366 107.286014597 122.013668881 83.1196543479 102.273253257 87.4069172262 54.5591723823 66.0398930279 98.604354251 148.857448529 70.2165502701 92.5781213983 91.5399878257 126.505505251 146.351916851 88.560693958 85.7316628416 56.5751022848 96.0376512887 96.6746157357 127.868360524 53.0565324756 135.301926697 58.3867415862 70.723050785 117.026890146 143.428295709 143.82603813 126.456657549 91.7976519151 99.0789420019 50.5727210394 68.1495340093 131.465904422 60.8488406024 132.209527157 79.337323276 69.5382372551 145.730843716 111.186423186 66.80633003 102.539790565 58.780862324 73.843940622 54.1063166649 120.880373704 57.689670464 62.3480478102 146.865800914 141.960817843 88.3515980656 85.0047597188 123.856593385 99.8611259468 78.9287201061 138.910661466 144.994849347 125.040272726 83.9777528032 76.4971951728 130.663232719 123.846595274 65.5535449258
142.252996844 89.4862481622 85.5406026315 142.000140164 129.864172939 88.6350496216 70.7850665631 134.344265405 87.5606404121 130.460911626 65.352298308 0.0 113.59334807 127.945078753 125.856117106 106.349949568 51.6556772548 117.574192586 125.890606743 80.8014138814 104.902086391 131.958252826 58.2367901098 141.05947654 75.5223161428 63.6189364862 81.5631798386 100.884884675 68.31020216 65.5353363418 51.0667501243 100.900004345 116.935312918 78.9011145461 88.0057865735 52.8722201528 51.0212022005 119.737847184 117.342714259 56.9779855108 104.521968662 82.4029247375 107.650306608 74.40210256 103.585541341 51.4764459518 90.7651419589 98.478993582 125.79891184 113.835167809 79.4699608213 136.631785613 132.692644776 136.801269803 87.8271040924 79.4321472955 80.5761770145 86.8790669277 131.664738799 148.163002992 78.3400976963 132.667718308 117.21633223 86.0583478349 57.3777770452 75.6751459104 137.256375187 94.8135537785 69.9028961517 128.052517074 120.295371014 138.177211836 124.551842291 133.299795208 121.226505213 97.8333290075 53.4538703109 69.0877143072 95.1030168194 108.646103123 79.1886332435 141.462788132 77.5484797436 99.3330692021 114.689850513 121.224995919 101.419048077 64.7774911149 72.8017598727 71.7952026728 96.2938385271 104.600428258 79.62625633 141.012415794 61.3144468786 78.7927678838 118.214464482 123.538581471 103.000102079 65.3103764793
64.9738013815 96.0430335178 123.046852466 115.296774448 109.765031219 61.9302415703 77.7895584962 51.3766400124 123.41879396 70.0507825604 134.855276634 113.59334807 0.0 128.903787831 107.840235728 118.993597112 140.259254586 75.4819424109 74.8960921817 69.8687911378 145.895074487 99.2566283367 133.832333388 82.7563839329 105.212350895 134.620772209 72.9669276029 88.3360955779 83.6881103018 116.520937498 60.1934002398 94.0822249239 112.760285907 81.1618013767 108.884973812 68.6080644945 143.976934889 109.374336078 84.0869283797 139.516668696 102.712098505 100.458078595 103.325769094 64.3028422496 60.3367413506 59.0705476608 81.1217354141 126.124230954 116.560197568 103.931055626 78.1851392159 80.4319077157 112.681752607 101.06238861 68.9403903688 117.145843278 132.265518039 106.404961682 58.0917674771 100.768901336 138.188153098 94.5480800475 122.520929254 68.6146304131 141.709289678 84.8538621644 141.389425949 92.6387730915 118.199009641 80.209638725 128.836925746 125.68792434 83.9969567751 115.855816553 107.929887392 117.635897718 59.790942763 57.2312093863 108.205160146 55.5584147281 88.8872945427 140.059402774 62.191744029 62.003140622 98.1131777627 82.705695489 87.0895458103 76.2179507699 144.825289589 117.84043112 66.9144840185 115.361325258 80.1137641271 129.026896721 108.573050815 124.724390748 88.8866687624 67.0324453436 93.6421140771 111.991751795
55.8098502701 149.529198285 104.714207499 70.9528853159 53.8946602874 122.305880977 102.923632874 109.821841274 55.5921827893 129.93117151 92.7468733389 127.945078753 128.903787831 0.0 75.4427954697 137.387216227 102.804001906 138.677731021 66.8744634597 123.859206156 113.599409488 61.1536563798 114.095035241 56.7169710256 66.7520873139 109.697497215 113.243897164 64.3893258665 92.4342824517 64.8530719395 75.1789665543 147.982116825 149.18522058 83.8202212578 126.262467695 102.260377242 79.1970702232 125.614450559 107.491816068 140.905390006 135.96655215 142.94675757 104.900138751 139.849328258 132.626908576 88.5634764288 114.730121918 123.197136162 83.497534787 110.323984204 66.5220891552 115.804217437 146.103010557 50.7040119152 70.9115413769 69.0619910204 126.077407536 94.8332528155 121.896987793 80.6590315335 145.052116276 62.8115091677 81.8200470436 85.177443245 128.552006169 130.783809764 131.435648994 110.952636644 79.3795004404 128.302721295 113.509812393 56.9649481731 95.3480171397 100.068318025 67.5125350374 132.485209306 105.911767095 94.2409430632 116.021299489 71.0964224076 76.6383001052 107.393522409 111.442295816 99.8943537916 146.118209876 142.468317129 88.0194195772 54.0731538364 113.221483278 146.419082195 95.2425214345 54.6671611365 141.142069116 53.1035345557 114.236079894 68.9481745485 56.9713349073 53.1667607582 115.334507967 132.763718049
70.8695977495 93.1068805963 63.7725095465 54.7870196755 93.6877075921 56.6299314931 132.547749837 90.4356006472 122.977168293 135.826341933 100.328451721 125.856117106 107.840235728 75.4427954697 0.0 75.5455043096 72.9762967542 149.192911501 74.9462399902 131.543420936 141.379003318 58.988565177 128.969221316 56.7062546334 72.1852218082 137.387863931 54.762916705 52.8066086545 98.5719105582 112.675905407 98.4718539664 126.444124082 122.4574893 96.6698328143 72.9573402857 63.8227488209 148.033479698 97.7037112756 110.387026798 55.4026349878 83.4632622521 120.79795451 79.2577214207 120.116387143 116.009203982 75.9792965389 55.2002165776 64.9211474177 58.2123813334 54.6267907173 149.634972066 138.610757042 65.7232507942 88.6283610443 61.5143156909 140.180956315 134.807499242 62.6194237328 80.0022022061 109.168330323 84.4279252771 85.5831256286 61.6255950431 143.415865953 91.411274842 115.559275865 132.600888405 77.1746810756 107.365037258 106.018005217 133.993838755 80.0644070861 51.1324466241 105.986174713 146.170263209 71.8034674637 59.0560569919 97.1617908779 105.754488076 95.0211171132 128.326231634 111.767658123 110.290586836 120.656350812 62.5981903373 66.7011041783 120.737499547 83.6849126193 70.926743288 97.9251147902 104.440399709 62.4085195883 58.739553264 76.4945263591 120.522219437 96.4736366412 112.56703759 74.30891031 145.360632989 109.347695014
127.793869447 147.102088677 102.66922929 78.0043255711 65.936301883 68.0406308058 106.729738412 67.727706654 134.718594832 125.380858264 101.316851152 106.349949568 118.993597112 137.387216227 75.5455043096 0.0 114.223563897 81.7031713928 65.0056198157 66.170816878 115.240668566 137.861084288 143.209486502 93.4176630277 90.4437836075 71.7395375327 110.474563767 135.0601258 114.671820159 135.148742251 98.5623525981 98.6973060719 108.328440358 69.9149742458 50.3461874532 119.054658317 78.5371312227 146.244439014 140.141892012 101.569399602 103.392037104 95.507821739 60.2136176573 129.261300013 120.978599331 64.7897191223 111.215998436 110.436318322 105.488841712 66.6353673829 117.5541593 77.8603111822 127.980033031 73.7422313664 84.7267480727 94.4794702374 70.3490390567 101.261787002 142.253756077 81.7035642807 73.8134325566 61.3924854552 84.9854936361 117.364592567 113.692028001 62.4923334159 120.766066023 129.964539351 50.0248659983 69.2966376459 128.192754507 137.796326124 132.73326557 85.2905698139 55.2218319036 130.852995545 85.4832243067 91.8674786143 98.0367845051 98.3590634514 103.741978204 83.3407027603 53.6072847574 81.7163980175 129.354326644 63.4859268752 58.3244514027 137.062501295 110.119086582 142.309882083 138.534552517 86.360949994 98.2730927026 130.530723977 58.0006769709 146.346042237 110.400043501 67.3651272393 93.3538022816 73.189104137
56.5716979148 128.111446762 122.830553588 143.551055501 63.5035350177 118.332637783 118.31247284 73.8678631124 97.3725930542 66.5977650397 58.0827553524 51.6556772548 140.259254586 102.804001906 72.9762967542 114.223563897 0.0 90.24446029 127.359464188 97.9199680935 114.793017419 68.5218106722 103.106045789 71.9782841982 56.9338019074 50.8486184419 79.2343160098 61.9041860116 121.535874974 108.280113928 118.843513152 97.0488271293 142.604272624 61.0321603457 89.1621975803 146.1355007 104.198684418 125.365517728 122.580812631 120.132134047 81.7276420129 110.903989822 72.9710737261 71.604546253 71.9656191801 147.580734017 144.233363118 139.698058341 106.709768122 109.940066645 94.4965849067 101.10856521 137.344654406 118.025003645 118.775317398 109.617627037 144.680681338 116.95063703 65.3548609087 72.5327958977 109.066939937 96.7151920949 76.6846427447 59.5177306775 101.79874798 57.4115352727 65.8282289226 132.494664011 59.2957993514 129.959946904 64.1581767115 131.887697162 78.520287053 144.231343429 86.4587997393 89.7421865127 129.008367924 53.5982669389 115.592129112 79.0764207063 67.3042037175 78.8399770667 68.9398740172 135.416770613 78.3260754233 142.85103152 146.042195579 80.0849197572 137.915574413 66.6816212395 148.31357813 67.5567874837 106.253228092 70.3508493801 106.888828029 57.1111119265 96.0686317921 106.082595322 89.9448354883 89.5928727054
73.3216432442 143.395488494 103.218723386 55.159754235 85.8173469686 90.0002368878 105.675679966 63.0353331641 131.723448076 50.2671162174 147.785608317 117.574192586 75.4819424109 138.677731021 149.192911501 81.7031713928 90.24446029 0.0 108.549212108 132.070546231 116.252262091 67.6955218153 63.6932328501 143.106495374 111.645399462 68.1282536244 131.872844704 93.5113076951 105.326920689 109.246018619 118.929526967 130.05574276 68.8881438687 108.611623246 108.185921811 94.7454062831 145.539058872 126.735267519 104.558159418 140.321567335 83.9703230664 142.963249653 89.5360150874 82.6103958152 99.7081032563 123.131935414 118.852772834 55.9349230869 115.733495 76.7411705794 94.3041148418 113.51394785 95.734479932 98.7112657173 88.3214916836 146.401305167 57.015210173 127.327468707 113.34522321 74.5452855052 90.6508284083 132.631975609 72.8590377059 92.9599794769 87.8547120782 97.7972645792 84.5449508195 50.8698982954 143.592469616 128.227009588 76.9502706237 96.3635037961 62.8721409296 135.733414741 58.1964181235 101.361456694 114.663167031 67.9698973944 145.860149848 131.830392217 65.9240839498 59.5235907908 145.086839765 53.2280383644 50.7290960185 83.6777585949 143.256151998 147.020429728 127.837432593 141.355608719 124.372716428 82.5049431624 77.9220442448 80.7638952983 53.4503426012 65.9013828419 86.0232267929 64.2006617997 102.098045146 149.255650184
111.675584939 62.6042575472 120.714956626 123.696550707 128.784775242 143.623654472 90.6461808596 119.314674978 139.876407301 108.998215184 99.5596538413 125.890606743 74.8960921817 66.8744634597 74.9462399902 65.0056198157 127.359464188 108.549212108 0.0 113.831500267 80.1563800453 147.343785847 60.1616217009 146.92990025 92.8124591217 98.7342154055 85.0607864723 79.7869348793 102.448840313 130.074129216 120.413144855 78.6047532415 137.514549439 65.7739024937 104.87480189 103.273408234 102.840054823 85.2898741697 129.113784206 71.5085426516 112.208530506 101.383579066 119.915297657 136.129618264 98.0403729894 143.787701433 67.2918576282 82.3492155354 107.931204693 116.176216526 85.6323280385 141.088861411 75.1347562789 65.5323533293 117.966715753 109.662620336 70.7118201724 128.847798349 108.945090699 62.3958320289 125.312262403 133.602320604 58.4404663484 56.7344571947 68.0144279548 138.550164338 106.989274539 144.620229806 123.504637962 111.962000702 132.146769629 70.0915019696 88.91155277 55.7311369368 82.2070359611 147.037895492 103.310633302 58.5629991069 125.763095425 98.9668070938 103.402637764 99.2212954274 74.3865713687 71.94590956 106.701459305 145.096617674 75.0483542787 131.33591839 56.7557445091 57.6490647384 127.745128359 109.192978025 136.405707869 67.2916377637 62.6002361565 77.0665336933 64.8515045097 114.734014884 113.597760464 85.1671700178
72.2469197719 60.0867240572 133.15116818 90.9310695029 131.680615867 90.1630067743 82.9130073614 67.2189125245 144.404470868 51.5691350413 140.840631765 80.8014138814 69.8687911378 123.859206156 131.543420936 66.170816878 97.9199680935 132.070546231 113.831500267 0.0 102.110141494 69.3082940972 57.6877253613 63.220352895 119.813476338 70.8230547517 68.6033371713 84.4925827946 132.03674477 53.9980704397 87.8652816671 101.030277088 78.3426681916 85.9047433702 127.940664208 104.075390592 130.961877036 81.9716981023 104.818647811 142.054401005 109.42418857 95.7428507157 53.2318274531 97.5449305497 105.643348953 141.189787848 102.092507196 126.328804499 78.219355587 129.019297616 143.222622213 106.87814713 130.42359799 60.1358509749 106.258974675 69.3546766511 143.020988229 119.726729518 100.534866907 108.054210872 106.594178721 103.533238639 69.7023480317 144.727102808 118.985418541 99.8006329398 107.061221819 85.5640582894 144.649248234 70.5823252893 114.432948869 109.287677066 135.500043705 111.104886179 137.340828556 71.6061797039 97.7989342103 80.0106780112 85.1789531494 103.438373168 128.645973422 50.2826871975 107.537266027 57.6980704671 85.0078867485 52.013921516 88.9265122763 138.564461113 124.946875586 90.9585259208 103.03131237 102.244126297 62.4093855815 95.1109455465 138.193267591 134.460726483 63.7316937694 92.3901927024 117.602239003 91.890915633
144.312791203 131.583673124 118.102329864 141.429477063 116.820701236 77.9903803054 111.109342924 110.658252328 73.5260967939 112.055493391 67.1400038805 104.902086391 145.895074487 113.599409488 141.379003318 115.240668566 114.793017419 116.252262091 80.1563800453 102.110141494 0.0 65.4648587406 65.3406700189 79.866244277 67.7171701015 63.3984032427 109.05021534 142.175451071 55.5017595922 135.591509025 140.447043977 110.736054153 146.539681815 96.9135316606 126.671409267 53.1297821205 116.693703299 76.3798483216 100.218912347 59.6213355675 98.7700024762 139.869271164 129.529103126 51.8179785731 115.340816811 86.8632305142 123.128312262 123.799601357 58.8086268323 64.4843108971 78.7850634014 126.941281707 61.0063265996 141.697764117 117.165567473 135.818671756 120.79889448 135.208600174 145.036638057 118.542061409 56.8786437442 146.920288583 64.5918542115 111.56178238 69.5561222106 119.7892434 141.98668009 92.6607510734 121.200948837 138.76379989 56.4379023987 107.618965992 127.826687534 51.3662153927 101.669782485 94.5767876484 120.539108392 77.0582695455 113.003575882 137.080924388 114.027744816 83.6294984004 94.2558100404 94.503699815 120.145401775 136.734922556 79.3444762597 127.20520527 92.3456459158 77.8840038194 112.496650908 69.7690332173 112.580528815 111.04555024 92.5164138115 105.170668053 141.703203105 134.743919718 108.599938128 87.1720096026
126.360455191 60.1281557335 149.183791991 52.0727210881 102.388325714 120.724492588 125.308813932 65.0722445615 92.8698890587 82.672161297 93.5599804167 131.958252826 99.2566283367 61.1536563798 58.988565177 137.861084288 68.5218106722 67.6955218153 147.343785847 69.3082940972 65.4648587406 0.0 84.7716503683 54.0502103764 69.581952241 118.203181722 126.550800199 66.3930022454 105.940514651 79.6471870728 107.36971365 143.283381791 81.6120987699 146.843484127 146.30689595 128.523637965 149.273063436 131.212945583 79.5826827838 58.0353224317 91.8737303513 132.872197571 105.579901458 76.7029250652 125.58789828 89.6764408403 113.096968687 141.785031288 111.972346036 110.766472182 138.110535283 105.702844212 116.663170373 59.0114624676 67.7808120753 76.2444423744 138.612327976 148.28186407 73.5959189855 130.971999526 119.518612968 60.7492613483 89.6468470234 82.6371764502 146.366396638 59.9381364013 77.3313720926 136.459026984 73.0623656058 78.3825051795 106.144198913 94.8014082777 135.528080639 73.2211351389 72.7120583552 98.6922236606 130.756125664 130.923718593 127.393499525 125.387996989 98.7925056003 142.420691418 99.8046699468 85.0115661237 138.280510796 101.39753546 61.4855796198 66.269237854 64.8764218079 80.409288422 71.3811815048 104.932721197 105.09310865 51.3829359516 71.7248024948 104.576552664 59.4511095633 114.177539687 85.234678592 86.18762583
50.9330711599 55.1718786994 98.8420695525 143.742289679 123.903340465 78.2264402702 100.462844995 132.515624951 126.804447651 52.9233582063 54.3244848945 58.2367901098 133.832333388 114.095035241 128.969221316 143.209486502 103.106045789 63.6932328501 60.1616217009 57.6877253613 65.3406700189 84.7716503683 0.0 105.327829607 142.418780556 128.4864262 90.8682839853 148.419915665 58.6363922678 139.077119556 141.793813229 80.1854580086 62.2350718202 86.5963740351 84.7551748663 57.359698742 125.270729878 120.719436092 52.7442092285 90.9726747488 121.83447218 97.4444079388 141.578715034 108.959196264 110.537120153 91.7524045623 136.274030041 119.923082093 144.354706011 99.2871913091 136.171796728 135.892240431 106.634740981 148.148840722 143.909102484 87.6268228964 83.7715740182 56.6402193438 52.4232326511 92.1554181576 129.318207579 56.3037088041 111.22280074 123.956049155 132.51431364 127.315726204 81.3772545605 95.3116162843 92.2023865402 68.1095417184 133.164823625 101.698968871 132.112223578 131.028306022 66.4373914103 114.683475048 126.417830839 145.21409163 134.043860387 89.0473066751 114.235291687 129.700282737 55.242478297 108.330956902 121.504706537 57.1786996625 139.072990362 77.9689387598 145.106482971 65.3467023363 116.170107692 144.933768042 72.4986189623 86.8152215904 65.4688408658 119.83123756 132.214590143 136.029940536 102.71240435 134.465168622
144.822627559 85.0939046749 86.2678698044 84.0290215209 123.925572918 87.3760923715 108.733946307 75.8483520882 50.9397393185 75.7002400441 99.2587123637 141.05947654 82.7563839329 56.7169710256 56.7062546334 93.4176630277 71.9782841982 143.106495374 146.92990025 63.220352895 79.866244277 54.0502103764 105.327829607 0.0 64.9346218614 50.1300172445 61.8027707687 88.9699540489 69.6560419322 66.84289723 56.9528313607 135.39121528 141.082078362 96.5952563863 82.8848430387 132.848444718 120.682961466 92.3290998814 118.499383673 99.6919121406 125.770449805 73.8201816226 145.978680402 57.4226517942 87.1485070188 116.349849175 107.432392405 55.6470222628 79.9515900041 80.4534204368 131.392258882 104.498030405 96.9860952235 76.7133858973 61.0278095213 145.706545263 149.013636905 126.915937739 129.435776999 131.747641453 80.2478797759 70.6603128096 146.396267855 102.739760775 70.5538659143 139.163921393 88.6800446669 101.681361142 120.748467709 135.503700655 93.5051035771 119.172817095 120.861934771 102.542433756 79.3329459729 64.1037318662 61.203149056 149.211541379 70.620062536 139.540880979 129.3663479 146.423064603 124.03223151 131.145875539 103.986421506 94.4322410072 71.1420565616 76.1935327662 67.2437715652 102.397888712 137.782813855 140.884286285 98.8446070276 68.4747164126 139.844907896 99.525204047 97.3204048898 100.002030807 142.548566622 120.964345745
135.811957881 134.815616279 147.259087619 97.0209806091 101.943748767 121.149195323 85.0404792222 91.1272400431 58.644598025 104.042625451 60.6114203042 75.5223161428 105.212350895 66.7520873139 72.1852218082 90.4437836075 56.9338019074 111.645399462 92.8124591217 119.813476338 67.7171701015 69.581952241 142.418780556 64.9346218614 0.0 124.396693481 128.069460484 103.922951517 79.3030606575 90.6614956363 136.890659142 134.552462121 55.0107882832 70.057878832 80.5485667276 61.6287152136 51.7552166242 147.417717776 146.392223984 120.304408484 70.602442273 117.858818616 72.8507520197 112.905246238 70.3012411858 51.703297581 144.741863392 83.7280506283 97.6844546176 90.5514267319 136.86174336 114.844272198 137.960996252 139.569873115 85.1586856685 110.063468656 114.696667593 128.613639048 145.307364509 126.805891624 135.98917947 124.978328982 111.374471787 121.429270847 91.3379555101 79.7340574872 54.22595271 90.6458785698 71.4905557683 94.4475976023 94.5529939054 55.6434168685 120.7528535 88.2966103677 59.4410362334 100.535218313 52.4318437605 90.5126846273 135.223357391 72.2325820818 89.4947539748 89.5773086954 65.3105416008 84.56265493 93.3568798797 136.907950203 80.151634313 124.270636456 116.699428429 141.613118102 141.908859642 66.934270449 118.544726014 145.723714096 138.16972039 72.0105262329 115.547575442 116.169134222 72.4983324591 65.7545692253
129.344816422 69.8001067213 132.550865485 81.4986515176 136.565045748 118.256525077 136.143400027 144.567668237 73.7259634009 83.8316048637 96.2550574339 63.6189364862 134.620772209 109.697497215 137.387863931 71.7395375327 50.8486184419 68.1282536244 98.7342154055 70.8230547517 63.3984032427 118.203181722 128.4864262 50.1300172445 124.396693481 0.0 147.078776075 118.664836106 126.004606191 52.5040223582 119.78563572 121.001099504 131.400538077 111.71234294 132.978243062 76.0401264656 84.4566358458 58.1439842565 143.45493358 106.204921883 66.7849406605 142.350249858 104.458895569 60.3302286358 81.4707322489 56.078525255 79.5731049959 55.3694298197 73.3564323134 90.9331278528 58.3653356959 148.616695402 116.845375051 112.797604181 146.699262532 136.805977004 79.7099394167 134.903980869 80.6029889064 98.6441818464 60.9982660543 105.064772764 78.9453890999 57.3522264001 54.231882383 87.3097256512 107.917965601 128.476914217 78.3007039336 113.910387928 116.673182242 77.9653605172 137.392215466 70.7826348655 125.738103431 125.542908477 73.1894632855 54.8079930955 144.874072284 110.437728287 111.044852887 79.9590695218 136.283047892 101.372067541 78.4674294535 83.89115423 85.1986343585 113.931932346 107.875129904 120.226091631 67.7175190035 53.1542612475 135.233366718 66.0168454123 70.5093200122 129.627864088 75.5740476904 123.335389349 62.3380529861 129.673504439
