non euclidean
100
-57.4886537789 4.08810418286
79.6913039441 94.8220646241
-52.3752935005 -36.1240127032
44.2630064572 61.6022578761
-77.4082029283 76.7946615189
-99.1304703499 22.9379778162
-59.8133232854 68.0715275617
37.3932856531 -56.7222081037
2.27861374053 -48.7178001572
58.4846519389 98.3120197254
21.1675110336 -55.88691467
-43.6266108154 -33.1298164207
1.95911373369 -46.2431465344
35.4316747143 14.6531101934
-93.7367751448 -8.86907202911
25.9744466418 62.2103286428
-63.1912027081 -78.0598911482
92.858684999 -26.7904648859
-2.13834922387 6.09869984802
53.7195544186 -19.2272278339
-7.37828930319 -90.9190835859
24.3553110183 -53.9568450082
93.7402776501 64.7459126923
51.4509719065 -89.2755527539
-40.1968172026 53.7580592358
36.3211000872 32.6877230558
-36.8879369306 23.7117169845
-65.6322526816 -94.0483253408
-4.31200067915 -76.7028809147
-54.1632285587 -69.4163889051
-76.3377094827 72.6762434895
4.88693070722 4.73972751722
31.9699456525 -75.1880476593
21.7933802129 69.2654543645
14.8623433469 27.4195850212
59.7486157857 -67.9068158523
-35.6318412412 49.6638300322
93.0643530046 11.6293116266
82.7694989281 20.1812482829
63.6089855135 -97.7841534873
28.4993531965 -5.86157943725
-63.9720269659 25.0980218222
95.1740268035 38.064014169
65.4772974002 -3.67721627479
-25.3273356047 77.9457749581
-48.6559997471 -33.3622515708
-85.3396806782 -99.2638590715
8.70551239537 27.7029544507
9.05608886335 77.615048358
56.8899371251 3.2450564272
-34.8028887562 -88.48377605
-25.9451268469 32.6428360886
-25.4477498858 44.6367724181
-49.1148373641 24.4994075488
-7.16645582164 99.0325307051
-73.5294990961 -36.1673235635
79.7886235002 92.2100950499
-91.6255264722 -31.908590092
-66.4396149317 66.5424247883
-97.0519804305 72.9147193496
6.33589596078 -64.9488353098
-81.8734162531 -35.1517788108
-17.5347122602 9.91096958547
94.4488932125 48.07818169
-18.532427107 5.43003021926
-44.2330628859 -56.2893213215
10.6443860504 98.6310442917
-20.8592611645 -69.3545117707
91.6831099753 -71.9295321403
39.2383689899 -26.6466120723
30.2531906703 -42.8306501867
-71.006159919 18.4570128288
71.6160690711 -38.9653619376
73.4025630401 65.2405726315
-64.714797682 62.930529396
87.549054428 25.7523372068
-45.7739430164 29.8458726528
-0.218222694621 66.337909717
-4.86307922325 60.3724591199
98.0750535284 -10.2655350212
79.551939989 -63.0750399352
36.5240820081 51.6442646768
18.3694215046 57.1455662922
-40.4931204737 55.1237231312
-80.9636576447 31.0427898444
54.7620455582 62.1428134523
-85.5323008995 -94.8565991487
-12.5827836547 23.2645980542
-72.3165875085 -90.3797130434
78.5883553787 71.5649572951
48.5639721452 19.2218526943
93.478629738 -8.29850194175
98.4464322098 43.3331126446
72.3080462458 -28.9783712207
-88.1277366667 48.5028384748
-12.1074769079 14.4525436925
-91.4971125667 2.16474976103
82.4729924442 -22.980172448
-54.2913103866 -48.871748041
-84.6948613978 68.0849430895
0.0 109.099085202 94.7506680285 94.665288377 87.1088338185 69.4188279255 137.292007259 114.450447638 65.4321058328 84.106802258 73.373720947 136.033582643 96.8127479179 68.9508426084 116.708533798 92.5947391229 140.969739991 70.056189683 78.5920111157 110.267148714 56.5548300512 148.140644646 145.763064868 101.977411186 63.4176074416 109.845021682 63.2554755917 79.833614583 56.499696371 64.510272556 108.211493769 149.170758061 99.1190564724 93.0835221287 136.015899302 83.841562815 127.374581287 112.645827549 142.326300704 91.4576758524 145.306232036 88.1276224756 120.955847273 149.437540317 146.672158629 100.925856201 105.744432629 108.226291524 74.4572168942 137.372133074 113.837742457 70.4842356207 61.9795968931 83.7176804695 107.993997107 74.1741474979 116.073233918 124.891011165 57.0168066784 106.48908839 108.281768657 122.117752636 85.9785068657 71.7073832428 138.777907924 87.6777174609 98.2249356978 140.57592975 147.253379461 59.3929549158 138.560570936 110.179559688 101.50572773 83.8138070524 74.529797992 58.6706685132 55.3268574549 125.451910737 146.28702814 130.741690012 59.4864798377 51.163802792 136.093092209 80.2407944548 67.4694311022 98.7021379622 113.55605483 111.288433712 107.899648513 143.144610937 94.2878425997 130.093911491 110.288870564 115.709857715 132.358396648 98.0523937995 126.721003108 98.9019511697 123.662837743 84.937325801
109.099085202 0.0 67.9092491642 139.947761143 131.396778019 93.9877829022 51.7101726188 64.6664034681 87.9205845242 66.6088209735 80.0067166809 147.141910319 99.8661578273 80.9729343693 107.165571798 125.150347081 57.3982251493 69.6487958649 125.483327594 61.9223149194 104.493507655 122.145829724 56.126121363 50.0839777473 113.836801553 147.047311782 106.838831847 70.4624112222 93.1520912705 118.144567683 113.073098971 133.95640876 98.9729530842 80.2840481331 110.550919899 110.914649425 103.519729457 100.35840441 98.7705366331 84.9752130034 57.9417385911 128.156378958 57.5854161289 101.818579303 131.922111993 138.176953551 90.7774443589 118.44478525 137.220533008 102.697212307 95.7478929677 144.858540214 111.421193324 65.682646499 90.2391858075 55.4106809766 61.148497348 50.197367887 79.9140472129 97.0528111494 81.2941810864 105.73870347 148.527631785 60.4374942402 136.735504508 109.527914203 144.274887089 98.2213403701 105.628203599 71.0786677502 59.3299883356 93.7566502059 135.09681952 53.1095700928 120.771170901 82.3766518181 107.917763796 53.2876657291 54.1848631241 77.9935670581 57.0621537791 124.035659567 129.847968782 70.0338051605 65.8576076665 120.734028348 87.1892536748 94.4099461887 71.1070828433 140.229292552 146.530127176 89.0353263911 129.721595091 148.933375327 91.7253038278 89.757485876 99.517496103 63.9125953825 126.629694316 122.918831886
94.7506680285 67.9092491642 0.0 93.3640810382 63.8446293721 91.0966903756 99.7926343342 79.2258186094 94.6825071164 118.793145719 55.7057984256 98.7646539455 106.868275254 118.113164452 140.587083002 144.019169764 114.663887485 130.184373875 142.334235674 100.111479955 76.1066995524 131.855527398 124.533676626 117.437306163 108.006417571 57.5896337466 148.12766155 88.1595739807 57.839683667 54.4235161849 136.735420198 66.2480517108 130.456765096 109.027542939 89.6941754438 107.376346314 53.6925588742 82.8818100241 132.182934919 97.0349995535 130.530856668 95.844121816 60.422903463 135.816865581 73.7307438816 52.3296798087 122.263332563 111.776049329 85.5409226347 107.980237486 136.751702082 114.612653695 136.69793737 121.735567536 79.6773255873 85.6288292952 56.6405701325 60.7093023104 103.459962479 53.4741185518 148.339511267 134.585681564 74.1077588809 108.485479175 128.509141803 122.874759513 95.2776390866 61.2847966109 103.766127134 140.059603725 124.44399839 125.50686239 64.3894307966 55.3480037814 129.333556953 66.7258341465 117.33559646 115.386904409 68.0280163698 137.186342723 61.2746087155 100.44957479 75.7741847911 75.7043323103 63.1418527532 106.007002677 88.4671662394 96.3221120594 95.625813467 128.275052382 52.3598036407 125.002789927 133.246359961 107.066270236 95.2977024779 95.4496132816 81.8081600382 88.8280594226 92.442915745 71.9042960729
94.665288377 139.947761143 93.3640810382 0.0 143.966411783 79.451572906 129.62357188 149.620869384 128.739508755 135.943699271 147.702445596 149.674831135 112.218223155 118.610337342 69.7875848027 83.9766869144 112.309736456 133.014858777 75.4476172115 60.3027364975 83.2047669846 86.8385541462 110.795502858 106.445828131 83.5424487871 88.8246112411 133.329395276 51.140371682 145.542995743 125.273323326 115.44876789 97.3160495834 109.312134119 65.7882122141 126.518104627 56.0596179429 82.8237374887 110.580759388 62.3304638315 84.8164416705 58.5136997492 125.756296801 128.513253951 115.743436156 85.9050398899 142.026314366 100.256833259 134.929867388 76.1345647818 71.87166331 71.9229521961 67.6123258719 120.924958073 127.564608935 141.962734474 76.9628071557 66.3587698849 108.073177744 74.5193058506 96.4236926651 130.108976881 67.6004384672 104.150393243 99.2380106959 59.1449628608 88.8382597804 76.2827842665 65.7342443902 115.661523006 126.6517139 102.788192545 141.439765373 87.6365303203 128.050344744 64.5116974002 78.2391944047 138.220934435 65.855034059 60.9612080625 129.267000767 106.564996783 121.203677334 83.4000066652 122.957451685 86.6522463808 122.104974807 92.2255937638 139.069964863 118.531419681 99.4243668768 107.264571321 110.588166582 87.8426658911 139.120301557 99.0854727579 144.816431638 116.997776741 76.9383456212 119.583734641 134.03358701
87.1088338185 131.396778019 63.8446293721 143.966411783 0.0 127.84760463 96.0143944958 96.4738611289 91.4899774461 142.039022664 71.9784854451 98.8163086163 72.2568578652 107.907833537 126.697492746 104.698546389 86.025745454 66.9898745231 125.48598585 62.3858611286 96.1491890005 114.938027453 145.305823703 86.0448076594 53.9915026462 95.3830128438 93.3190350422 93.1434748394 91.7972992931 51.5268020673 89.3371330236 90.5002369992 122.716689963 115.981108338 54.5966508126 79.7063526688 101.517885973 142.649033455 138.693281394 97.5771392379 142.516812049 116.065680402 71.1208102188 57.1876773927 105.180456616 92.3485957079 99.40553277 54.3098446482 95.302121137 111.354264903 50.5276814761 141.859879366 71.1353395954 70.7620087752 69.0710376153 117.657923513 127.466470144 58.8205187655 119.022692994 110.489765661 57.8466853087 72.0081323772 119.833836362 125.075041096 135.787517565 90.916207719 140.970550397 97.9124510284 69.2754192106 86.8255462977 109.699610725 123.290963662 91.3655181075 107.054694823 143.944873679 127.92922644 57.0093723653 122.35292723 119.501756765 142.332998642 116.667886615 111.501250464 133.830293451 88.2602807843 104.421154263 53.2025953352 52.0560851404 118.758161973 61.3503549515 142.045626815 70.7052283429 105.162287902 138.194924081 146.934920271 52.1361868978 134.008843595 84.2163516136 91.1023396681 67.2771045689 134.277290784
69.4188279255 93.9877829022 91.0966903756 79.451572906 127.84760463 0.0 108.800688481 131.865304626 138.261669281 131.673265553 117.108506876 75.0067402018 66.8891302793 66.4599000149 97.5666117613 141.89473722 83.7611714339 122.667238033 141.096163338 60.3911022671 80.1066681956 108.160033541 50.448591336 77.011263978 141.199513528 73.1480294218 108.483847845 143.482515545 92.6088661497 143.898721235 109.800903112 62.4858622667 147.983616597 83.574939639 100.430777924 87.6822124901 124.925413756 117.681026087 87.3350585337 52.6316315515 59.2262109254 119.849241696 83.1165549253 118.427451248 59.0867491091 93.3166763354 141.991265268 128.541662186 72.059987618 61.0216727326 127.733792121 139.828206612 103.057373245 143.252170738 119.73525817 71.1579740476 82.2522530508 108.373985991 144.201919286 148.654867561 90.9452290207 108.012385449 73.5595287939 85.1354643196 72.8079609763 100.368996573 135.209189822 141.170028978 133.1384135 69.0695533571 136.994216185 61.5229851095 89.1025601095 129.398011128 65.5512154683 64.6473267232 144.890892909 62.9472509907 89.2458402224 61.8273404515 78.8703835592 120.075394228 60.7258115924 106.463400389 136.817169453 84.6330235514 93.1875606953 140.936756335 111.27289507 138.488767175 130.340313426 107.803336819 88.1416410407 131.614254687 137.761769332 149.821312715 57.5990547164 50.696260376 97.3229861986 69.3346548144
137.292007259 51.7101726188 99.7926343342 129.62357188 96.0143944958 108.800688481 0.0 77.4443004929 83.8377061846 145.7813604 110.753129693 125.179129166 138.623184038 101.250808294 51.1683976924 140.088840253 64.1675272246 95.8892371632 149.799244264 126.529141212 116.095302361 101.90221995 71.7517259771 140.279062314 146.880936939 124.124296185 61.8037402879 116.960129422 147.561078877 72.3373776323 128.699712317 66.9497518049 73.952095881 77.7258967644 135.240337412 81.4482678678 84.224276117 108.467992189 88.738300887 140.567186008 116.636231786 122.198271121 52.581232555 86.6696090781 111.413345507 88.1117778297 103.238668985 61.0598105083 117.230651107 93.9113712751 115.180492643 109.5210593 132.168210655 73.5831146902 131.17638853 61.9393736199 139.085388573 76.9415195119 141.404830678 139.651282883 90.8753017819 66.6133927692 70.7640163384 94.6421741631 122.183988064 74.3764444114 112.183898976 148.305036464 106.159029341 92.6719323269 106.958323115 116.413545029 107.542151024 51.9317325372 59.1879406525 135.165599383 129.271021345 94.6704825346 76.2273710796 98.9093539504 51.1382282106 70.3774572329 125.313164433 110.606205303 59.8773669943 131.485705581 72.4428218593 74.8406044662 80.5016494307 98.4522163701 100.100441893 99.0505024428 120.134814841 79.6386958052 67.3784661774 145.069720537 102.782867823 81.5376374352 132.966975287 141.632086872
114.450447638 64.6664034681 79.2258186094 149.620869384 96.4738611289 131.865304626 77.4443004929 0.0 83.4145200295 100.626357794 137.516632116 134.390151746 133.40888464 59.0609830299 73.9520352331 127.738181831 132.271335037 86.5953178344 97.8400539079 84.2586647675 64.7291982684 61.3307315506 138.731697621 56.0368348486 99.7029571869 100.810023644 97.4345253782 64.5654189519 96.6037880145 126.970571136 100.634631426 145.386323355 126.642681615 62.8911863257 114.866689062 62.8131555844 145.512411649 76.5937873838 119.360105799 55.2618985027 75.0188949858 128.478989044 98.5295600349 114.568818622 78.7842611571 137.605026711 144.148374151 55.305587375 128.438362432 50.127583002 131.48316973 75.695355325 120.163566114 110.464838994 142.411785394 100.108064738 58.2620639612 141.70192389 50.8616279945 108.900305411 138.037602239 116.958432661 116.892167328 94.5638625036 81.6269482626 135.659549892 90.6500986271 139.667994166 142.76312155 55.3643636918 60.8283093028 72.4428715999 64.1216725788 75.6723770285 131.945036458 104.75432966 124.331878035 125.002425495 71.1347366538 98.3464789983 91.3092622176 53.169301522 131.152932412 143.757945267 148.145600014 140.527402562 125.340027506 104.362122515 62.8253913986 131.30856911 94.3569548439 119.798839647 85.0632112738 119.911924806 133.95493548 64.9582505603 83.2240952435 50.6388016094 142.112643434 141.246565174
65.4321058328 87.9205845242 94.6825071164 128.739508755 91.4899774461 138.261669281 83.8377061846 83.4145200295 0.0 105.738669279 60.7306102331 65.9889178367 98.4014820119 149.972794456 115.156476528 123.515877455 83.2227758292 74.4285438797 90.4825299926 87.753239463 67.9878259414 107.728294262 51.6735055413 128.956210842 92.5075947612 63.092592379 105.775169581 115.226312953 105.549505746 132.366154725 86.6290909996 98.3701447366 131.021215728 104.276488152 129.606351312 93.4616812632 74.2077493957 83.9758307102 119.41672847 81.5350636683 95.3710340676 85.799120152 77.0964968049 56.1011540283 91.2916883171 88.4376298276 76.4397551527 149.121444994 75.0828430536 94.4992679695 97.2449143479 123.381479782 50.5863680604 61.5093781311 50.4061819734 56.0394191883 60.1627031599 128.061592999 92.0808683958 118.266422457 126.649361782 55.598138887 63.3299213552 115.949596347 90.5094799996 75.4593195262 120.060094931 119.927663389 117.4730974 143.973672915 93.719838419 96.206855335 95.3984611939 72.3587266274 79.469827839 145.809861913 91.2650003011 51.2331090542 103.343223334 58.7552655283 80.9523447466 134.244312394 54.4262971304 88.0833628221 60.94149281 93.6623606624 139.432265273 126.470209254 149.526052988 104.588719491 101.003709725 52.063859144 100.395146986 98.0468942592 144.415594576 59.4514137049 135.291567415 143.994949457 112.684172783 98.3162428288
84.106802258 66.6088209735 118.793145719 135.943699271 142.039022664 131.673265553 145.7813604 100.626357794 105.738669279 0.0 73.7245627273 91.3952905632 58.5523229685 109.209235921 53.3858609572 125.335736629 133.726970656 111.173827562 113.287687517 148.406689873 79.2392399805 118.706968858 107.2746995 117.305585243 140.73630147 69.2474434036 88.829410464 78.9189103174 55.7474009023 145.591638996 71.3281187331 139.008940587 116.222119369 91.1489704487 126.015964101 127.597654355 138.287908189 94.2100813096 139.318898708 59.824708939 50.3976902307 80.7680048749 137.674898621 78.9213402722 73.0082332856 120.085471613 119.40888942 90.3336640968 50.1948529536 100.132392572 94.1536786184 146.22834998 52.7548235275 76.5748932968 58.9905262987 104.737263809 134.830239483 148.643245585 77.8222443402 85.0541211527 65.2671243933 143.106434462 108.291118959 109.934684588 60.5322019895 72.2251351974 60.2995704574 120.118650998 104.762356124 122.430784733 99.1406452233 137.400208103 65.1539540199 95.2183223999 86.8493598297 144.755261226 99.3334006501 142.251025213 120.412199872 104.353098595 82.5407383097 51.396798256 78.6633654391 90.1320138547 120.764937238 54.8221793795 57.4435405818 133.385354892 83.6094397761 144.00167446 133.156692976 77.5996505365 102.306385812 52.9123231907 50.7192599248 126.053948815 101.146442896 52.6946742882 107.283821118 139.958879459
73.373720947 80.0067166809 55.7057984256 147.702445596 71.9784854451 117.108506876 110.753129693 137.516632116 60.7306102331 73.7245627273 0.0 103.450446446 71.6794688022 124.213788485 104.296921607 65.7297364513 133.9873408 58.2719113149 148.298975403 83.2633593209 78.2241406111 78.0152503257 132.635427981 148.233401991 86.5267265067 119.987695026 80.4526793562 66.8737171046 97.092595391 138.504233884 137.43757448 145.358186066 137.9844238 102.997591334 72.6985310157 130.792741881 105.816658629 62.4882377441 135.960356343 58.0063079647 86.1349915165 112.821525156 139.501830792 131.716181753 51.6123493055 93.3247959208 147.083815975 82.9946804073 109.288092617 69.4153232077 75.2448651296 50.8602903419 138.187018619 100.613469826 97.2638850035 87.4488924654 144.023455268 133.226875396 61.7510807008 57.6540753417 133.21543476 110.70855334 117.633253246 117.704959509 95.1467178003 145.037393393 112.968690338 104.751853106 139.123343059 94.4837221445 117.131856045 114.026291232 60.4692630324 58.8255329385 52.0158763825 52.5901032265 69.4829111441 65.2382814244 56.8701339599 59.0507744678 117.024913973 133.095446239 86.9600251916 90.0931800204 71.3676299392 76.7595521843 120.574777953 122.316650765 50.0023211893 124.03747775 75.7181090578 60.3075553317 134.234759894 86.1273788272 59.1633544308 130.550468511 76.2865184959 66.9236607216 83.2134872937 140.689480643
136.033582643 147.141910319 98.7646539455 149.674831135 98.8163086163 75.0067402018 125.179129166 134.390151746 65.9889178367 91.3952905632 103.450446446 0.0 129.075003361 126.112876976 109.864138916 65.1104530512 57.199190378 69.6499240131 64.0505563661 105.462724835 103.571582522 74.8016461059 83.6242756678 123.751642923 113.872844705 92.7891551509 72.1580600084 120.695019054 108.825751038 50.2270412132 145.679578719 131.879883214 95.5082548786 55.659936331 134.320411469 148.816213311 67.92262824 55.6334528602 84.6648439234 66.6579442077 142.405353843 117.28944885 136.518342692 83.3831171397 146.29951195 98.5572270564 136.636060746 60.7943030089 76.8642862826 135.74069372 119.418250143 142.983768897 64.790112239 97.1075438012 88.0875299116 74.4136682388 87.4415596986 100.525949171 71.9166619921 148.809245835 112.024946111 82.4764080032 126.378676272 128.151334564 143.252140486 90.847725483 81.8403481759 88.8863074167 82.3856814561 100.539058727 84.9943401187 89.2834181744 78.6795717658 54.1890801155 104.842390224 56.7780154376 141.225870558 114.23756456 102.909335869 89.019867507 106.763542552 124.076296902 61.0499405272 89.8277991861 51.7250171553 90.4970859944 108.85341626 113.207237644 104.414445717 129.073355981 70.7317198165 146.578912252 134.501743035 75.5068966756 53.8550731366 122.658897782 83.7891654909 93.8813228968 109.248714656 120.39826064
96.8127479179 99.8661578273 106.868275254 112.218223155 72.2568578652 66.8891302793 138.623184038 133.40888464 98.4014820119 58.5523229685 71.6794688022 129.075003361 0.0 121.533966616 54.4562375738 101.271396087 114.706259182 109.478056507 54.6706090631 87.2593654242 136.704474222 92.8140493951 52.7221850967 116.478878863 110.781909497 98.770750757 91.3705319499 116.536515853 68.5538618823 97.4353345739 77.4739583874 70.4652773656 58.39488276 125.961887521 99.9644262817 134.988723245 110.413532209 90.9103867564 80.4492834536 117.912806989 127.441300932 104.805122175 122.320654344 56.8063599076 72.7447908533 127.085144154 99.1134745063 88.8028916862 103.816822978 94.7491979527 112.83039104 62.4256442352 68.3167013984 64.0488759261 147.355849608 103.721497296 86.2419295042 51.0900342948 77.3704514905 131.371118582 51.5074661583 92.2845033808 93.311340352 72.6460069872 64.1055997368 149.818774939 50.2818723394 73.3743218277 127.47103763 57.6583612758 83.9959642595 103.007516553 75.5821023206 125.568303146 119.181567171 132.542262848 56.9321788853 99.2594316133 74.3429891494 64.9410922235 124.939602312 61.3875123568 117.648980507 130.531868616 145.691856426 123.992144283 125.049056872 143.023209256 98.4848583697 75.4922598371 66.7607834943 52.6534886094 121.117823102 80.324087272 125.527621585 90.2442330547 109.953319591 114.045330827 75.1634939862 148.637366303
68.9508426084 80.9729343693 118.113164452 118.610337342 107.907833537 66.4599000149 101.250808294 59.0609830299 149.972794456 109.209235921 124.213788485 126.112876976 121.533966616 0.0 115.258009645 114.323536381 119.716244843 128.984939835 63.1654375913 104.595709417 92.357292782 88.5402335037 143.201303673 98.8459124258 143.018619974 127.304214075 96.3037091523 65.3848852453 140.914924934 72.4650671729 142.83956246 72.5335192915 64.0328564178 98.6919830224 135.291431204 77.5482134029 98.4705874477 115.39446784 74.6075559289 57.5370487783 132.706470918 112.874092864 63.3041273907 107.18505934 71.3261768816 63.4147458007 139.125708987 142.210628918 135.803967201 51.8014265381 96.4544085565 95.6779977553 94.5826960702 134.185778572 59.4599264523 108.932544932 57.3731037561 146.565406018 93.4202888036 111.732044301 139.715496971 124.969426416 57.6012450573 52.1796848887 99.9710830087 147.988179533 70.0454865667 148.169411849 103.117531536 80.5890201164 114.474703446 90.1153335327 112.012696352 100.756450969 94.622070842 132.080317535 120.538657759 59.1026334255 82.2971352736 126.423980116 58.8079670321 65.0507283018 99.5310921416 75.9642264707 67.0130900755 99.2839276863 127.5232405 50.8745801568 53.2848185888 82.9939012238 137.071326113 79.5754544648 57.3067062607 83.7318275903 119.246441119 127.012102179 120.912342352 135.519314224 119.652231048 142.214758112
116.708533798 107.165571798 140.587083002 69.7875848027 126.697492746 97.5666117613 51.1683976924 73.9520352331 115.156476528 53.3858609572 104.296921607 109.864138916 54.4562375738 115.258009645 0.0 111.334203586 114.877420975 78.5296474345 134.449627089 136.245395046 60.1221467965 96.9552545807 50.8415070562 115.808438085 131.942926779 92.3464968099 94.218738017 71.6651405026 80.8908576592 73.526507176 143.389909034 65.1339774875 123.819670908 124.828775932 95.7963394106 97.5269148616 106.645177958 137.571726356 145.099346088 129.083529146 59.1989092879 129.535048016 116.136466432 69.532287015 71.5177882413 145.223075917 122.485163201 104.942135132 112.908250355 91.1876277824 59.4980903835 50.722050518 69.5509644403 85.0181952681 73.3694304187 57.4731406269 115.946698716 133.778257246 61.2881896168 107.719080109 92.683539711 90.5126410481 115.43600195 57.634864725 73.9130087686 127.657048375 116.555030436 81.4912326187 124.166599075 50.8566015256 117.377153532 126.333592843 87.8486319508 109.146287783 71.3630831948 80.5119144589 73.3371236615 126.182020523 105.318830267 88.1970695035 83.6658573526 82.6243444971 129.51564281 57.2573042639 101.290082516 148.075385573 134.988601563 140.939946221 123.749544006 134.426021753 56.8433901388 86.6834804193 112.765222751 136.361110175 50.1575661387 148.995368767 144.950374202 108.500518835 117.955838578 142.750089027
92.5947391229 125.150347081 144.019169764 83.9766869144 104.698546389 141.89473722 140.088840253 127.738181831 123.515877455 125.335736629 65.7297364513 65.1104530512 101.271396087 114.323536381 111.334203586 0.0 78.7781590868 54.7952060134 135.852279285 94.9522975308 147.130265219 149.028060246 89.9423813358 71.0371566119 130.371837788 139.468230693 113.89608749 56.5072866027 59.2508931148 125.811261088 112.826476726 93.0218313652 140.898796401 136.291914765 128.410844183 93.2048214859 91.9026788318 92.100763437 117.703482084 58.326401558 127.808162238 73.770614559 144.632495633 75.9707256302 84.3871943446 62.5236228608 108.967339287 93.4558039746 127.221739336 106.055861534 108.151860542 122.430714234 95.7995350323 82.3716401323 74.7391528601 86.0087854161 55.2872555592 142.638296566 73.0116953243 130.458016488 121.10944398 64.8434502632 130.575536802 59.4470208102 109.917631397 63.0088049144 96.0711849832 125.101828467 72.5871894203 109.538046067 90.2415847644 95.5036239761 101.215636525 124.326708066 95.1617163421 94.5325324814 81.8907486189 104.615246735 94.6526468334 126.517993995 149.51257027 63.8401684372 57.0416098617 63.2683326751 130.527741185 146.427621752 89.6938185542 92.8102655647 106.120415848 97.3918051232 129.986856168 138.083957532 56.7443306431 114.517813335 126.079043629 60.4877847585 110.337894328 136.921386937 95.2633052584 76.2812238551
140.969739991 57.3982251493 114.663887485 112.309736456 86.025745454 83.7611714339 64.1675272246 132.271335037 83.2227758292 133.726970656 133.9873408 57.199190378 114.706259182 119.716244843 114.877420975 78.7781590868 0.0 91.4083554378 100.950841723 127.004200005 56.5889688223 123.870556173 110.859476989 148.651213772 147.486708242 96.9253847395 91.5990721565 69.6037301817 121.287641751 73.1088494355 52.9030540946 82.9521466369 129.865556936 107.957781772 99.6101695234 79.8197480547 139.432810024 97.5205136521 114.20895678 139.361005011 70.3014877817 79.7044386955 53.1300764603 105.441589871 79.82917237 59.0781810482 115.71769866 111.277209115 124.292214101 78.7253866689 114.208622189 133.204307109 107.363278037 142.502461711 131.668748696 67.5164500388 100.36597224 50.6357403404 111.455809806 74.4441739525 139.625146767 140.568939886 123.588215739 149.495229291 89.8819573017 84.8457513369 68.5669866208 58.2652226385 136.011948253 90.1088872585 75.7900090527 103.020056176 80.6397940876 52.4126491372 138.38278834 127.291424686 117.481843315 96.3832738134 83.9342794651 126.360272388 135.358054563 67.1578609052 78.8259639822 73.4767838881 123.193197921 123.878124895 133.117728056 105.003242755 79.8851083956 102.068567681 123.930427256 74.3062418468 92.3689958872 80.9957968514 149.65122977 135.325827195 120.68305256 123.4016513 106.858371188 145.049141498
70.056189683 69.6487958649 130.184373875 133.014858777 66.9898745231 122.667238033 95.8892371632 86.5953178344 74.4285438797 111.173827562 58.2719113149 69.6499240131 109.478056507 128.984939835 78.5296474345 54.7952060134 91.4083554378 0.0 89.57363958 95.2852033723 91.6061589846 79.1836707716 60.0014728341 149.515654438 129.447379002 69.80414386 114.807590445 51.5628123437 52.4735223364 108.096160456 107.580826294 82.9524357566 81.611441547 95.6281051328 114.03149273 107.455658944 134.979658946 101.774577502 73.7160880126 70.2465718184 88.5042853006 112.455085555 67.119871345 71.8228055869 58.4950585042 147.853664235 57.9375569479 124.620947648 115.753013225 70.2786027188 148.85286126 94.1352124306 85.9974795857 149.083237533 97.8462218597 149.856932901 109.353782028 73.8007690777 120.323790052 74.7735409724 138.987021114 129.257780614 83.3434688164 109.408922313 103.984815282 102.329968829 72.0230416986 50.0893124648 61.908577767 71.5488871716 141.862763469 75.4113876828 130.932701143 66.7373447305 105.88397865 146.499834875 90.0083834416 98.108745842 119.426212404 50.6831176145 107.143683736 79.3468083438 132.591621414 102.294009854 107.255228086 92.8910517492 116.509608862 109.19862414 132.454149164 119.795614013 139.288451955 90.1894337847 148.823545688 95.3231356348 57.7080959736 84.9722986584 107.26155031 124.389568754 97.0003953223 90.056151387
78.5920111157 125.483327594 142.334235674 75.4476172115 125.48598585 141.096163338 149.799244264 97.8400539079 90.4825299926 113.287687517 148.298975403 64.0505563661 54.6706090631 63.1654375913 134.449627089 135.852279285 100.950841723 89.57363958 0.0 78.4538353963 90.5081523844 106.43580263 125.588497821 127.439884615 117.623486446 100.438730226 130.76052157 81.3085924684 91.8349488051 78.3285760936 131.082989703 109.793737444 133.09616752 64.0812476242 103.933327894 114.614530121 118.296187856 112.471063858 77.7756632994 87.8828130189 85.1907634737 111.618902713 122.023806791 51.1586986137 64.0711041879 102.2261884 124.903939872 146.320573977 125.639275467 75.5594058993 109.744175834 51.6257574002 105.40666418 98.7126895253 63.7644566466 97.7731235468 129.79305073 108.369122231 65.61648502 52.955525269 133.387794052 93.9000836303 142.145972327 107.637287919 115.983666252 131.358763715 119.82148295 123.472399167 135.872004394 99.531515743 83.1954507353 112.713292138 81.1534838828 77.4537442652 96.719693493 105.875069887 51.2133743675 133.958038657 51.5584468641 84.9462960851 90.9189330426 108.199276672 72.8939964903 115.344394815 53.9302564049 143.323793017 54.14551539 88.1485466456 95.4988348828 64.8136876006 74.9687083449 76.2362735027 68.6154993964 94.2108841552 145.879170135 55.4418921387 94.2477170882 147.623458547 70.3373194824 61.3454716807
110.267148714 61.9223149194 100.111479955 60.3027364975 62.3858611286 60.3911022671 126.529141212 84.2586647675 87.753239463 148.406689873 83.2633593209 105.462724835 87.2593654242 104.595709417 136.245395046 94.9522975308 127.004200005 95.2852033723 78.4538353963 0.0 142.81170735 106.213183342 132.679836543 139.907414072 107.851356003 78.0577719027 112.4965721 104.5508037 85.6302038747 113.518831359 140.442341256 82.3672723422 91.468401691 115.646684771 113.57814768 118.582841734 132.230363606 64.941288971 83.2176072734 138.440380431 67.6344501582 101.583250379 149.77825447 108.792968197 74.7663946231 100.794807535 97.0028401557 110.837010153 81.9606877552 122.402947162 149.049804941 134.520346555 66.9039683546 127.757910925 126.16508359 59.7994076347 149.80087153 57.9680043888 71.1282189438 62.6421548861 80.0823105824 118.115338546 103.879487314 104.920297736 69.2763995049 130.110739817 132.944996624 66.3164408821 104.309272546 134.50663026 77.4753355102 141.292443218 148.015204146 117.796549366 129.544438622 66.5821752742 75.5275951095 58.6474093023 84.7578720736 95.9031675287 82.548520232 101.814440562 91.7837281734 55.5332271703 143.418586861 96.2985601916 61.0600047594 64.2610673771 149.025225912 109.463481774 101.115317418 89.7643973512 115.269322824 82.0814825294 123.28562713 58.3638603768 99.7613398955 58.1857416068 53.9053049384 129.145385915
56.5548300512 104.493507655 76.1066995524 83.2047669846 96.1491890005 80.1066681956 116.095302361 64.7291982684 67.9878259414 79.2392399805 78.2241406111 103.571582522 136.704474222 92.357292782 60.1221467965 147.130265219 56.5889688223 91.6061589846 90.5081523844 142.81170735 0.0 94.2390486997 104.661500559 66.331232776 77.4901939363 86.2894195472 114.113094561 143.209519165 51.3816360936 132.337109016 64.563987962 128.118387022 128.810600801 91.3162773119 66.1357581826 102.004069511 109.408482565 144.360913949 58.7174085901 90.4626802046 98.6639372049 135.513813605 78.6493447674 80.3065377277 109.483426587 67.7285963993 120.106699248 93.9232196704 138.048789041 124.436294435 111.638336707 120.302857051 86.2352458494 93.5365616421 117.639951284 71.6298086802 84.8428146568 122.969933768 86.0576992263 98.3240833845 81.7646348596 68.8029466124 136.430132233 65.3703732842 50.1984207553 57.5340576227 93.6745633764 66.621878378 117.578737334 139.87642066 83.3152431034 136.410545723 146.503234612 57.8158182979 52.4122020839 123.968955525 119.171375423 52.8071218662 149.231444465 122.957124378 132.898926234 80.4510977093 122.167827187 106.024175571 148.947652341 106.471069053 114.295032429 102.569328578 131.280565896 51.8821832301 107.367681886 94.5515211128 68.3966975739 143.960722582 107.405766911 104.255786756 124.239101399 68.2310126072 59.1530331836 64.7446211947
148.140644646 122.145829724 131.855527398 86.8385541462 114.938027453 108.160033541 101.90221995 61.3307315506 107.728294262 118.706968858 78.0152503257 74.8016461059 92.8140493951 88.5402335037 96.9552545807 149.028060246 123.870556173 79.1836707716 106.43580263 106.213183342 94.2390486997 0.0 105.885323034 131.922942882 88.2358290578 79.0788215067 82.7228051658 109.27091275 82.4296268912 106.186148939 145.754342767 59.8302450245 54.4785016172 126.708361392 126.182583802 94.9941092327 143.2383115 67.0845344449 127.959666024 118.684648377 96.8475049102 115.407674967 80.6259520325 119.45384762 99.5298339287 121.303708368 80.5408916937 67.2496154948 90.260708302 95.5939307867 72.4810038471 76.627478581 116.547646373 148.881956235 143.932980596 64.642873241 71.0157760414 57.7164233963 142.086794041 143.360878977 70.7924927419 94.8813802885 143.423357387 116.642921143 115.826959846 140.501112707 126.882427016 132.407259567 81.1269760848 50.2741491459 74.8424531134 129.212337338 136.494643838 101.375719684 57.0152539987 139.588275332 99.3430034596 121.281881343 92.2603942729 115.378945973 119.33290133 68.6743496531 124.930527787 64.4299756459 91.4699642559 90.1975889028 84.8811250094 99.3419041624 78.8464858601 86.9613119614 66.995084059 131.690743729 76.9143310091 113.844896286 51.438262372 125.67536178 81.5469315923 129.60578339 112.973237719 69.1916072043
145.763064868 56.126121363 124.533676626 110.795502858 145.305823703 50.448591336 71.7517259771 138.731697621 51.6735055413 107.2746995 132.635427981 83.6242756678 52.7221850967 143.201303673 50.8415070562 89.9423813358 110.859476989 60.0014728341 125.588497821 132.679836543 104.661500559 105.885323034 0.0 147.275809684 95.7561422963 148.339818544 58.9732392714 91.6145829426 100.758006078 75.6072856951 60.3109490354 111.449710949 79.475508547 129.914909526 69.2436812119 137.145011664 83.0181793624 76.392764081 54.4860568233 86.2374082019 86.0554004029 137.702892149 94.5926610821 63.2160233863 50.3024341755 77.0210673439 85.5736084258 149.780871793 133.548004523 110.032943174 91.0425074394 127.025060632 130.529089039 70.2377346105 126.794546761 110.787507993 100.638084918 109.978802098 143.473683524 52.079276113 77.5659134715 79.4584380684 98.1786752129 86.9651226431 90.0385043291 68.137832853 85.7716522252 75.8025848638 97.3957777453 74.6218223691 130.498399936 122.626776808 89.9638847822 108.142529963 114.245096306 146.993843691 58.8710110102 135.132576944 141.60408906 102.805245325 106.938407768 149.482607772 111.963460172 82.102266009 124.131493195 123.760386564 81.8157893 107.727005388 109.010017223 105.608811111 140.892427744 81.4081008118 81.2682629959 116.651931331 135.584408855 56.7959569243 104.014971995 116.60544756 124.520933825 88.5691590334
101.977411186 50.0839777473 117.437306163 106.445828131 86.0448076594 77.011263978 140.279062314 56.0368348486 128.956210842 117.305585243 148.233401991 123.751642923 116.478878863 98.8459124258 115.808438085 71.0371566119 148.651213772 149.515654438 127.439884615 139.907414072 66.331232776 131.922942882 147.275809684 0.0 141.119468808 84.1652395177 105.647651317 65.4560486164 115.247092404 106.646624766 82.3710023918 87.5086736148 97.659692078 125.269671702 117.915693861 80.8804319094 106.317762352 89.2520007277 102.274477944 94.2378770167 61.446957975 127.021768907 123.457063735 83.9833584552 74.2688927385 91.1125186654 138.127476698 82.2423437387 91.203794969 62.8542352765 139.441756976 55.1367712551 78.383349636 82.3439371544 80.4365378627 134.884852743 101.461160838 73.7331510019 144.241394911 87.216671534 79.453851659 140.518529005 85.9328337485 60.071830543 66.4141764029 87.4494656868 119.29418414 102.141087124 92.8890128025 82.1979643039 109.372039461 71.8323990397 76.7623117321 107.837634898 129.287769307 50.5639400416 142.330206226 106.129087279 140.624278054 147.708480632 119.782641897 125.321076211 80.7365556953 67.9926702793 58.6839536645 127.010020823 129.109589721 105.571724962 115.237511893 110.036901104 131.014977984 141.781525644 89.6909493473 77.3169479716 78.2347149811 145.705739778 103.291506702 102.295946498 85.0615380182 100.473144216
63.4176074416 113.836801553 108.006417571 83.5424487871 53.9915026462 141.199513528 146.880936939 99.7029571869 92.5075947612 140.73630147 86.5267265067 113.872844705 110.781909497 143.018619974 131.942926779 130.371837788 147.486708242 129.447379002 117.623486446 107.851356003 77.4901939363 88.2358290578 95.7561422963 141.119468808 0.0 119.052462006 100.428307167 122.003192872 81.8475186805 121.482698076 100.973546422 95.8853125581 52.2055924842 130.960444347 113.064644814 100.243016131 107.919558702 124.132438158 67.1849771287 97.1676319958 75.8703297289 105.457467357 144.24007725 139.709424128 141.48230663 136.304495724 109.965741311 70.8307444817 124.60602372 55.9741768099 140.31729148 112.699279681 126.786393063 114.624053387 129.9691023 51.501948128 99.5285039374 133.193904596 136.516940559 128.357167884 114.408032718 90.3413429427 116.971531463 86.3866337575 107.99661103 118.969903829 132.45220302 106.212664118 120.060132303 61.2482708284 119.478076786 72.2564594119 122.714838543 84.3701917267 81.1137252498 60.5295608804 90.8676327872 126.508573951 100.787519785 87.4334332241 103.903165897 118.956570246 146.565354547 72.0355235083 130.504935574 50.5458400718 51.4148524979 97.6653462961 136.414520345 106.697944201 113.727724221 91.2272026764 144.446579294 114.41544442 115.496949811 82.4031288618 50.9923613312 140.808860879 84.7558956082 131.292871783
109.845021682 147.047311782 57.5896337466 88.8246112411 95.3830128438 73.1480294218 124.124296185 100.810023644 63.092592379 69.2474434036 119.987695026 92.7891551509 98.770750757 127.304214075 92.3464968099 139.468230693 96.9253847395 69.80414386 100.438730226 78.0577719027 86.2894195472 79.0788215067 148.339818544 84.1652395177 119.052462006 0.0 124.759516676 76.5264793223 103.301447173 125.393624048 130.535259237 121.148460272 90.9760744459 74.5125416634 99.3003443831 144.928947769 129.940829279 94.1774172471 102.062091174 117.54707267 103.640955994 105.605036775 146.956730566 142.596711481 94.6496752222 107.820699286 141.423398543 148.464829292 54.5441331975 75.607233737 70.4563598159 76.3204617107 67.6489287835 109.368494486 131.749421199 109.803770317 83.8026899457 88.0353498364 101.249260077 110.70347501 107.0444435 88.9307587409 117.950228061 112.100430113 66.1056092044 65.5214231244 66.2214371583 57.5169849985 139.020554244 105.83423384 93.8491474305 70.0575852174 95.3571624152 107.917350744 57.2812815891 77.5680347364 80.2138233423 138.669804977 69.2995917989 90.8248394997 96.5869084181 99.9108806205 54.7693391445 85.2293019794 100.775769291 82.9792324935 85.4152236463 127.983689539 139.953837799 139.599381203 120.585260354 52.6992362614 106.792865271 69.3196986413 60.9998030798 71.7442320397 52.6135802487 77.6542571023 142.248688881 115.52651192
